1,139.73
2,111.6
3,103.61
4,95.58
5,80.81
6,74.83
7,30
8,-50
9,-45.01
10,6.36
11,6.76
12,15.15
13,22
14,30
15,31
16,51.24
17,65.55
18,74
19,156.42
20,151.08
21,145.16
22,87.49
23,99.19
24,104.32
25,88
26,80.6
27,74.43
28,75.32
29,76.98
30,101.07
31,57.77
32,7.96
33,42.62
34,18.97
35,21
36,-17.36
37,21
38,53.73
39,-0.02
40,31
41,61.73
42,71.3
43,145.01
44,183.23
45,182.97
46,126.16
47,133.43
48,118.1
49,99.63
50,98.3
51,78.35
52,89.13
53,100.44
54,101.5
55,73.53
56,29.62
57,30
58,21
59,17.41
60,22.95
61,31
62,53.73
63,58.34
64,53.73
65,30
66,85.22
67,109
68,197
69,139.8
70,99.19
71,167.35
72,108.11
73,108.83
74,88
75,86.17
76,75.77
77,103.75
78,104.02
79,75
80,30
81,53.73
82,-0.02
83,30
84,30
85,-0.02
86,76.17
87,88
88,436
89,194.49
90,197
91,145.16
92,194.49
93,197
94,194.53
95,162.3
96,110.41
97,119.5
98,106.56
99,87.52
100,84.86
101,76.86
102,98.53
103,87.49
104,79.01
105,61.73
106,75
107,84.91
108,71.95
109,73.53
110,73.53
111,79.65
112,73.53
113,89
114,89
115,98.53
116,98.53
117,98.53
118,83.27
119,89.7
120,111.14
121,87.07
122,74
123,74.57
124,69
125,74.63
126,75.33
127,66.72
128,30
129,22
130,22
131,27.06
132,14.5
133,21
134,-0.84
135,53.73
136,3.72
137,74
138,74
139,126.16
140,147.75
141,134.25
142,109.34
143,119.39
144,89
145,103.44
146,75
147,74
148,69.15
149,74
150,75.67
151,29.62
152,-56.16
153,-48.43
154,-2.01
155,-19.64
156,-28.1
157,-49.66
158,-19.39
159,21
160,20.04
161,63.7
162,75
163,94.38
164,139.5
165,123.28
166,102.5
167,98.53
168,89
169,87.5
170,39.94
171,83.68
172,83.52
173,87.5
174,89
175,53.73
176,-50
177,-49.5
178,-57.66
179,-64.8
180,-54.48
181,-55.28
182,-2.01
183,20.66
184,14.35
185,53.73
186,77.53
187,139.43
188,332.92
189,145.01
190,133.92
191,144.53
192,109
193,128.38
194,101.23
195,129.3
196,129.53
197,153.02
198,113.78
199,78.25
200,61.73
201,76.65
202,60.5
203,19.37
204,36.57
205,26.71
206,64.78
207,35.53
208,96.18
209,89.25
210,139.5
211,194.39
212,235.95
213,145.01
214,118.59
215,139.5
216,135
217,122.2
218,109
219,89
220,102.37
221,136
222,121.7
223,75
224,75
225,95.3
226,88
227,22
228,25.44
229,23.62
230,74
231,152.54
232,69.32
233,88.69
234,104.88
235,128.42
236,140.28
237,236
238,109
239,106.95
240,96.55
241,90.16
242,98.53
243,87.35
244,87.13
245,103.4
246,113.63
247,88
248,90.19
249,77.44
250,106.83
251,81.83
252,31.5
253,81.34
254,88
255,110.66
256,87.1
257,89
258,145.01
259,192.5
260,249.81
261,172.71
262,121.93
263,124.26
264,109
265,126.06
266,121.69
267,115.64
268,111.02
269,120.59
270,122.74
271,111.06
272,108.59
273,74
274,103.01
275,75
276,67.62
277,55
278,74
279,167.69
280,94.46
281,134.28
282,120.53
283,115.6
284,154.46
285,162.81
286,128.03
287,129.99
288,98.53
289,127.54
290,129.91
291,126.76
292,110
293,134.07
294,145.34
295,111.74
296,51.57
297,90.72
298,89
299,81.71
300,78.57
301,108.69
302,88
303,136
304,136
305,127.98
306,193.53
307,128.74
308,175.22
309,173.75
310,174.62
311,129.46
312,98.53
313,132.53
314,129.04
315,115.31
316,98.53
317,109
318,103.37
319,89
320,31
321,77.29
322,88
323,74
324,115.41
325,78.7
326,81.81
327,84.19
328,77.58
329,67.88
330,89
331,126.68
332,194
333,192.5
334,117.89
335,108.26
336,100
337,102.66
338,74.77
339,75.55
340,74.9
341,74.36
342,75.18
343,73.53
344,0.62
345,-0.59
346,8.24
347,29.62
348,-45.01
349,1.46
350,31
351,-14.11
352,74
353,98.53
354,70.63
355,292.53
356,174.13
357,139.06
358,111
359,94.58
360,89
361,89
362,78.04
363,75
364,76.01
365,77.26
366,104.4
367,123.13
368,115.69
369,96.09
370,84.89
371,99.27
372,94.1
373,89.99
374,89
375,112.45
376,120.53
377,110
378,145.01
379,145.01
380,151.13
381,129.14
382,111.37
383,119.8
384,88.72
385,91.62
386,98.53
387,75.35
388,75
389,63.73
390,87.48
391,83.5
392,64.6
393,100.16
394,108
395,66.2
396,75
397,74
398,74
399,105.69
400,68.87
401,74
402,95.87
403,145.01
404,144.97
405,185.11
406,128.43
407,138.26
408,109.99
409,117.54
410,107.04
411,110
412,99.72
413,109
414,123.92
415,109.92
416,101.94
417,105.35
418,30
419,21
420,22
421,22
422,27.89
423,30
424,37.73
425,-45.01
426,-40.29
427,38.03
428,67.68
429,163.74
430,95.87
431,79.15
432,91.17
433,89.46
434,85.94
435,83.17
436,74
437,73.53
438,98.53
439,87.49
440,31
441,-2.01
442,-36.9
443,3.76
444,21
445,30
446,31
447,-10.54
448,40.73
449,74
450,59.73
451,117.7
452,117.36
453,100
454,91.75
455,87.49
456,75
457,75
458,73.53
459,55
460,50.93
461,73.13
462,87.14
463,76.67
464,68.95
465,53.73
466,33.31
467,30
468,49.5
469,31.11
470,44.9
471,32.83
472,62.94
473,22
474,28.81
475,82.3
476,99.05
477,97.75
478,82.45
479,87.5
480,89
481,79.12
482,86.93
483,89
484,73.53
485,74
486,79.11
487,73.53
488,-0.02
489,-28.31
490,-30
491,-21.08
492,22.88
493,-21.08
494,-0.02
495,-2.01
496,-0.02
497,88.4
498,73.53
499,91.32
500,132.39
501,117.62
502,103.66
503,108.5
504,89.64
505,98.78
506,79.28
507,63.73
508,63.73
509,70.52
510,69.85
511,64.22
512,22
513,-14.11
514,35.84
515,21
516,22
517,51.8
518,64.14
519,74
520,75
521,21
522,74
523,108.42
524,182.07
525,145.01
526,123.38
527,104.01
528,91.12
529,98.76
530,100.64
531,91.6
532,93.43
533,106.7
534,108.72
535,104.03
536,55
537,29.52
538,58.81
539,58.7
540,75
541,74
542,62.66
543,55
544,88.05
545,93.7
546,107.02
547,206.42
548,209.12
549,174.3
550,184.82
551,171.06
552,121
553,145.12
554,119.69
555,94.68
556,92.03
557,110
558,110
559,114.09
560,89
561,89
562,90.3
563,74
564,63.67
565,75
566,75
567,102.58
568,108
569,130.22
570,135.08
571,192.5
572,216.66
573,145.75
574,136.3
575,132.26
576,131.84
577,140.35
578,119.9
579,105.49
580,108
581,114.09
582,121.6
583,120.32
584,69.07
585,74.49
586,63.73
587,55
588,31
589,75
590,101.03
591,141.05
592,75
593,106.8
594,180.51
595,225.76
596,295.01
597,192.5
598,139.5
599,110
600,132.15
601,115.53
602,115.53
603,99.83
604,94.5
605,91.69
606,110
607,83.04
608,21
609,63.73
610,7.73
611,74
612,84.58
613,74
614,75
615,108.83
616,105.51
617,110
618,145.01
619,192.48
620,499.7
621,294.33
622,139.29
623,140.78
624,105.86
625,118.13
626,108.53
627,88
628,91.84
629,95.03
630,106
631,118.11
632,133.96
633,71.99
634,130.29
635,106
636,90.67
637,97.36
638,91.95
639,127.69
640,89.21
641,97.2
642,120.26
643,144.33
644,291
645,195.37
646,135.39
647,126
648,121.8
649,112.49
650,124.02
651,119.72
652,116.52
653,105.24
654,105
655,82.73
656,61
657,59.98
658,62
659,62
660,53
661,79.15
662,112.36
663,130.41
664,123.64
665,110
666,145.01
667,261.88
668,115.6
669,155.87
670,160.51
671,193.53
672,129.53
673,141.36
674,121.28
675,149.06
676,146.64
677,156.37
678,139.01
679,111.09
680,55
681,30
682,59.73
683,42.62
684,29.01
685,61
686,53
687,63.73
688,291
689,-0.02
690,31
691,291
692,279
693,192.48
694,155.1
695,143.5
696,118.05
697,113.36
698,106
699,91.85
700,90
701,109.45
702,150.34
703,163.98
704,139.35
705,103
706,104.31
707,71.99
708,96.76
709,105.77
710,90.81
711,93.68
712,118.08
713,74.37
714,99.19
715,291
716,194
717,194
718,151.48
719,165.54
720,137.61
721,132.93
722,123.72
723,124.48
724,121.46
725,117.5
726,121.78
727,169.7
728,121.22
729,107.99
730,99.45
731,90.5
732,81.59
733,59.73
734,114.79
735,183.3
736,115.53
737,107.72
738,146.44
739,551
740,552
741,349.02
742,269.98
743,168.25
744,140.08
745,125.69
746,121.01
747,93.76
748,95.42
749,103.2
750,125.27
751,146.17
752,108.53
753,105.28
754,104.07
755,61.73
756,96.07
757,92.25
758,116.35
759,136.83
760,63.73
761,140.65
762,76.81
763,349.01
764,349.01
765,228.71
766,194
767,335.81
768,157.58
769,174.71
770,140.18
771,120.73
772,110
773,202.39
774,288.23
775,152.52
776,83.37
777,143.5
778,3.49
779,60.61
780,93.57
781,82.15
782,71.27
783,55
784,260.44
785,192.5
786,116.46
787,287.47
788,194.01
789,275.32
790,190.99
791,193.53
792,105
793,96.14
794,87.49
795,90.96
796,92.88
797,92.89
798,106
799,122.94
800,63.73
801,30
802,46.17
803,36.3
804,32.79
805,31.79
806,52
807,36.72
808,106
809,192.5
810,291
811,153.89
812,349.01
813,145.01
814,295.01
815,438.83
816,135.25
817,189.6
818,190.74
819,167.3
820,139.01
821,115.53
822,130.95
823,125.53
824,100.87
825,63.73
826,42.05
827,-14.11
828,30
829,-10.54
830,-0.01
831,-49.14
832,-14.11
833,75.55
834,53.36
835,116.66
836,139.04
837,176.28
838,139.01
839,130.32
840,93.02
841,108.53
842,116.85
843,106
844,105.28
845,100.52
846,115.53
847,107.36
848,0
849,9.56
850,52
851,-0.02
852,18.84
853,-9.32
854,52
855,53
856,71.99
857,53.72
858,108.53
859,267.66
860,214.51
861,167.39
862,116.08
863,112.79
864,103.54
865,98.53
866,95.81
867,87.49
868,86.05
869,87.49
870,113.83
871,114.21
872,94.14
873,71.99
874,61
875,61
876,61
877,37.73
878,63.73
879,96.2
880,139.5
881,139.5
882,145.01
883,203.33
884,192.5
885,160.7
886,149.31
887,127.45
888,110.09
889,98.53
890,105
891,106
892,87.49
893,84.99
894,112.29
895,113.74
896,68.65
897,59.85
898,61
899,63.73
900,77.7
901,77.96
902,76.77
903,120.97
904,63.73
905,86.09
906,63.73
907,142.64
908,296
909,142.98
910,108.95
911,118.21
912,94.68
913,87.96
914,91.16
915,71.99
916,57.47
917,76.84
918,106
919,89.77
920,47.57
921,52.46
922,68.63
923,30.09
924,58.67
925,61.51
926,72.24
927,62
928,63.73
929,112.74
930,96.22
931,134.21
932,196.34
933,169.66
934,139.5
935,153.23
936,107.48
937,109.97
938,108.53
939,90.41
940,89.69
941,91.17
942,116.69
943,127.91
944,98.53
945,100.06
946,80.97
947,81.88
948,63.73
949,61
950,81.23
951,73.91
952,102.39
953,83.37
954,89.46
955,110
956,139.5
957,147.5
958,136.71
959,127.27
960,92.09
961,112.74
962,106
963,71.99
964,100.78
965,84.74
966,110.28
967,104.71
968,76.67
969,75.85
970,52.75
971,38.35
972,22.2
973,30.55
974,63.75
975,42.62
976,61.55
977,32.55
978,63.73
979,127.52
980,203.66
981,172.7
982,131.87
983,125.9
984,115.07
985,117.59
986,118.57
987,87.72
988,86.55
989,84.01
990,87.75
991,77.92
992,22.55
993,-21.08
994,29.62
995,-46.36
996,-44.74
997,27.43
998,-2.01
999,-45.01
1000,18.84
1001,-48.34
1002,18.84
1003,110
1004,194
1005,145.01
1006,133.37
1007,118.29
1008,90.35
1009,87.16
1010,85.88
1011,76.63
1012,62.58
1013,82.2
1014,82.32
1015,76.99
1016,15.95
1017,-9.11
1018,-48.34
1019,-21.08
1020,-2.01
1021,22.55
1022,18.84
1023,52.55
1024,113.31
1025,133.5
1026,63.73
1027,370.73
1028,530
1029,148.91
1030,148.95
1031,130.33
1032,128.54
1033,116.96
1034,123.75
1035,118.04
1036,110
1037,100.52
1038,128.53
1039,155.1
1040,86.76
1041,55.03
1042,63.73
1043,63.73
1044,81.16
1045,84.26
1046,84.88
1047,98.27
1048,88.43
1049,63.73
1050,79.27
1051,236.45
1052,236.45
1053,139.04
1054,110
1055,104.87
1056,90.1
1057,87.49
1058,86.03
1059,87.49
1060,60.61
1061,67.62
1062,102.41
1063,108.04
1064,76.42
1065,61.1
1066,370.73
1067,61.55
1068,78
1069,74.04
1070,83.08
1071,295.01
1072,139.1
1073,22.75
1074,87.44
1075,110
1076,116.61
1077,104.87
1078,90.74
1079,87.75
1080,106.07
1081,87.44
1082,79.77
1083,69.04
1084,67.98
1085,75.66
1086,88.04
1087,105.67
1088,63.73
1089,22.75
1090,-0.84
1091,-9.11
1092,0
1093,22.75
1094,73.67
1095,52.75
1096,18.84
1097,34.71
1098,96.75
1099,306.12
1100,279
1101,119.93
1102,105.47
1103,103
1104,87.75
1105,96.73
1106,79.44
1107,65.72
1108,79.51
1109,71.8
1110,79.52
1111,102.31
1112,52.75
1113,44.51
1114,15.72
1115,-0.02
1116,-0.02
1117,0.62
1118,22.75
1119,30.75
1120,78.05
1121,18.84
1122,138.53
1123,527.98
1124,267.65
1125,116.17
1126,107.2
1127,108.78
1128,94.72
1129,95.38
1130,81.6
1131,77.95
1132,63.75
1133,75.27
1134,87.75
1135,108.97
1136,63.73
1137,22.75
1138,30.55
1139,30.55
1140,22.55
1141,30.75
1142,0
1143,0
1144,104.84
1145,87.29
1146,113.52
1147,144.4
1148,142.53
1149,147.34
1150,118.38
1151,109.48
1152,104.87
1153,102.35
1154,87.49
1155,97.75
1156,103.11
1157,87.49
1158,108.37
1159,112.52
1160,52.75
1161,22.55
1162,22.06
1163,4.37
1164,24.27
1165,30.55
1166,42.62
1167,52.75
1168,63.73
1169,33.77
1170,255.92
1171,129.76
1172,173.15
1173,136.28
1174,104.73
1175,122.74
1176,112.21
1177,113.9
1178,98.64
1179,75.37
1180,87.49
1181,85.1
1182,108.87
1183,115.41
1184,29.33
1185,-2.01
1186,30.55
1187,52.75
1188,52.55
1189,0
1190,30.75
1191,63.73
1192,86.55
1193,87.71
1194,121.66
1195,174.18
1196,192.38
1197,178.31
1198,126.8
1199,113.38
1200,110
1201,101.34
1202,87.49
1203,87.49
1204,87.75
1205,86.13
1206,124.97
1207,132.06
1208,123.14
1209,107.94
1210,85.88
1211,109.09
1212,86.13
1213,87.75
1214,96.19
1215,79.22
1216,116.01
1217,110
1218,139.04
1219,295.01
1220,166.16
1221,152.83
1222,109.02
1223,120.6
1224,106.86
1225,106.6
1226,82.27
1227,87.49
1228,84.49
1229,63.75
1230,106.4
1231,139.01
1232,94
1233,90.18
1234,79.82
1235,85.62
1236,86.55
1237,80.66
1238,75.71
1239,79.78
1240,83.58
1241,65.41
1242,98.53
1243,93
1244,104.87
1245,99.18
1246,90.67
1247,87.49
1248,82.87
1249,86.91
1250,87.45
1251,53.73
1252,53.8
1253,52.75
1254,71.37
1255,89.2
1256,70.18
1257,34.67
1258,86.55
1259,31.73
1260,38.95
1261,38.66
1262,52.55
1263,15.94
1264,30.92
1265,30.75
1266,30.55
1267,108.97
1268,123.52
1269,112.89
1270,88.53
1271,92.52
1272,87.49
1273,81.25
1274,59.73
1275,48.65
1276,30.55
1277,30.55
1278,82.14
1279,79.6
1280,37.94
1281,23.62
1282,35.5
1283,55.01
1284,35.83
1285,33.49
1286,7.15
1287,-42.84
1288,30.55
1289,18.84
1290,85.76
1291,119.94
1292,128.5
1293,90.9
1294,87.45
1295,85.96
1296,76.39
1297,79.73
1298,81.89
1299,30.55
1300,30.55
1301,23.62
1302,74.44
1303,82.97
1304,32.51
1305,17.19
1306,26.88
1307,30.75
1308,31.36
1309,31.64
1310,32.88
1311,30.75
1312,18.84
1313,30.55
1314,59.73
1315,74.57
1316,87.49
1317,83.06
1318,79.59
1319,73.66
1320,63.75
1321,64.88
1322,59.73
1323,53.73
1324,30.75
1325,60.76
1326,59.73
1327,63.75
1328,-32.82
1329,-42.84
1330,-45.35
1331,-45.01
1332,-32.1
1333,-38.07
1334,-11.43
1335,-42.84
1336,-0.02
1337,18.84
1338,52.75
1339,108.29
1340,122.7
1341,98.52
1342,88.54
1343,96.12
1344,72.64
1345,76.85
1346,81.43
1347,57.91
1348,51.1
1349,52.55
1350,52.75
1351,39.75
1352,-5.72
1353,-0.02
1354,-42.23
1355,-43.49
1356,-53.03
1357,-54.44
1358,-49.5
1359,-9.11
1360,30.55
1361,63.73
1362,91.1
1363,171.62
1364,140.91
1365,117.81
1366,122.37
1367,104.15
1368,95.75
1369,96.18
1370,87.49
1371,78.87
1372,76.69
1373,78.37
1374,87.75
1375,87.79
1376,74.71
1377,63.75
1378,52.75
1379,61.55
1380,52.75
1381,52.55
1382,63.73
1383,86.55
1384,97.57
1385,72.6
1386,98.12
1387,144.93
1388,127.69
1389,124.08
1390,114.91
1391,100.5
1392,92.26
1393,106.28
1394,93.75
1395,82.74
1396,82.73
1397,83.02
1398,100.27
1399,125.85
1400,84.38
1401,63.75
1402,55.02
1403,60.22
1404,18.84
1405,29.22
1406,28.83
1407,30.55
1408,63.98
1409,98.52
1410,77.12
1411,166.99
1412,124.26
1413,117
1414,118.89
1415,89.25
1416,110
1417,82.98
1418,82.39
1419,63.75
1420,63.73
1421,80.79
1422,101.64
1423,100.38
1424,70.16
1425,33.29
1426,-27.17
1427,-23.77
1428,22.92
1429,30.49
1430,41.32
1431,-42.01
1432,74.92
1433,89.33
1434,295.01
1435,279
1436,103.16
1437,136.34
1438,116.03
1439,123.94
1440,107
1441,87.49
1442,84.8
1443,87.49
1444,87.49
1445,77.2
1446,97.08
1447,148.95
1448,115.72
1449,93.07
1450,101.05
1451,108.52
1452,57.32
1453,-34.33
1454,78.41
1455,96.68
1456,100.58
1457,87.49
1458,85.55
1459,192.48
1460,145.62
1461,123.73
1462,89.38
1463,87.49
1464,86.02
1465,83.53
1466,75.92
1467,87.49
1468,87.49
1469,65.45
1470,86.63
1471,104.17
1472,63.75
1473,63.75
1474,67.62
1475,65
1476,63.35
1477,86.08
1478,68.2
1479,18.84
1480,87.46
1481,65.99
1482,87.49
1483,138.77
1484,113.31
1485,98.51
1486,86.89
1487,82.46
1488,63.75
1489,87.49
1490,100.15
1491,87.49
1492,78.82
1493,69.17
1494,89.48
1495,94.05
1496,52.75
1497,22.55
1498,67.62
1499,52.75
1500,30.55
1501,29.62
1502,18.84
1503,30.55
1504,52.55
1505,30.75
1506,69.74
1507,145.01
1508,194.01
1509,90.15
1510,90.04
1511,103.51
1512,94.07
1513,83.74
1514,94.07
1515,105.69
1516,78.88
1517,76.06
1518,78.93
1519,76.87
1520,8.42
1521,-0.02
1522,0.02
1523,-36.04
1524,-25.2
1525,-19.26
1526,-0.02
1527,-0.02
1528,8.06
1529,60.01
1530,98.54
1531,444.6
1532,139.01
1533,90.68
1534,85.04
1535,86.24
1536,75.54
1537,72.96
1538,63.1
1539,56.66
1540,53.73
1541,63.75
1542,69.51
1543,105.42
1544,65.72
1545,58.73
1546,52.75
1547,30.75
1548,18.84
1549,18.84
1550,-2.01
1551,30.55
1552,39.84
1553,85.23
1554,93.91
1555,265.66
1556,273.4
1557,110
1558,104.73
1559,87.75
1560,68.8
1561,71.11
1562,72.01
1563,75.61
1564,69.62
1565,68.72
1566,71.04
1567,83.99
1568,75.8
1569,56.66
1570,56.83
1571,30.55
1572,55.4
1573,69.85
1574,57.78
1575,75.59
1576,130.37
1577,62.04
1578,99.19
1579,173.97
1580,173.78
1581,139.01
1582,87.49
1583,79.35
1584,87.75
1585,87.49
1586,78.31
1587,62.87
1588,72.05
1589,72.05
1590,80.28
1591,87.77
1592,95.26
1593,80.47
1594,63.73
1595,52.75
1596,63.73
1597,62.83
1598,70.14
1599,101.85
1600,91.99
1601,78.22
1602,87.49
1603,139.01
1604,124.87
1605,116.94
1606,89.08
1607,88.22
1608,87.75
1609,87.06
1610,87.75
1611,88.99
1612,88.72
1613,77.1
1614,87.49
1615,89.05
1616,122.35
1617,88.2
1618,90.52
1619,92.74
1620,86.55
1621,75.06
1622,81.36
1623,88.37
1624,93.86
1625,97.44
1626,99.67
1627,153.8
1628,149.09
1629,109.98
1630,111.73
1631,107.61
1632,109.98
1633,87.79
1634,83.91
1635,75.24
1636,86.8
1637,84.93
1638,104.55
1639,130.61
1640,110.58
1641,60.95
1642,81.72
1643,72.44
1644,99.6
1645,68.75
1646,89.11
1647,110.25
1648,109.77
1649,84.15
1650,92.04
1651,104.38
1652,133.77
1653,105.1
1654,86.28
1655,88.25
1656,81.13
1657,78.96
1658,82.78
1659,84.36
1660,82.32
1661,69.51
1662,84.71
1663,78.95
1664,68.38
1665,54.64
1666,17.86
1667,30.46
1668,165.35
1669,76.28
1670,90.75
1671,124.16
1672,63.73
1673,99.41
1674,112.66
1675,194.01
1676,194.02
1677,161.95
1678,116.88
1679,90.72
1680,93.73
1681,123.11
1682,115.6
1683,113.28
1684,96.76
1685,98.9
1686,91.38
1687,89.09
1688,73.51
1689,77.26
1690,63.73
1691,63.73
1692,67.85
1693,65.78
1694,92.24
1695,125.75
1696,98.62
1697,74.55
1698,97.15
1699,145.13
1700,139.01
1701,101.27
1702,99.19
1703,84.76
1704,72.22
1705,83.55
1706,63.75
1707,71.82
1708,70.82
1709,59.73
1710,85.54
1711,123.6
1712,105.82
1713,227.12
1714,185.2
1715,149.67
1716,37.98
1717,32.65
1718,82.49
1719,184.6
1720,154.31
1721,63.73
1722,130.93
1723,139.02
1724,123.32
1725,137.47
1726,121.64
1727,86
1728,89.05
1729,87.14
1730,79.26
1731,85.88
1732,82.06
1733,67.74
1734,87.75
1735,96.65
1736,81.91
1737,72.02
1738,68.12
1739,91.95
1740,198.05
1741,198.96
1742,117.41
1743,90.94
1744,85.97
1745,84.81
1746,185.7
1747,324.72
1748,317.15
1749,153.15
1750,112.6
1751,104.88
1752,101.01
1753,96.92
1754,87.75
1755,63.73
1756,72.43
1757,67.75
1758,87.49
1759,100.22
1760,84.4
1761,60.2
1762,40.81
1763,28.32
1764,103.96
1765,66.58
1766,202.45
1767,96.65
1768,125.75
1769,94.49
1770,295.01
1771,172.49
1772,328.23
1773,182.42
1774,138.88
1775,147.74
1776,122.8
1777,90.31
1778,120.95
1779,78.92
1780,77.1
1781,63.75
1782,78.76
1783,137.76
1784,83.33
1785,17.51
1786,87.97
1787,70.02
1788,130.41
1789,83.77
1790,67.38
1791,51.17
1792,80.83
1793,169.76
1794,112.06
1795,15500
1796,309.96
1797,295.01
1798,110.49
1799,175.45
1800,93.61
1801,92.9
1802,92.75
1803,107.97
1804,92.97
1805,123.91
1806,90.06
1807,173.2
1808,87.49
1809,62.32
1810,195.95
1811,58.26
1812,84.8
1813,104.3
1814,78.41
1815,134.21
1816,125.43
1817,349.01
1818,100.72
1819,192.49
1820,321.49
1821,316.18
1822,122.71
1823,155.62
1824,92.37
1825,92.67
1826,87.49
1827,87.49
1828,82.74
1829,62.87
1830,84.81
1831,83.36
1832,58.21
1833,5.3
1834,65.83
1835,22.55
1836,5.17
1837,27.01
1838,103.72
1839,55.01
1840,90.72
1841,394.01
1842,145.01
1843,500.53
1844,192.49
1845,119.71
1846,108.32
1847,108.59
1848,102.24
1849,91.82
1850,89.22
1851,86.37
1852,87.75
1853,84.81
1854,86.03
1855,83.38
1856,52.75
1857,-6.4
1858,-40
1859,0
1860,22.55
1861,30.55
1862,30.55
1863,55.02
1864,53.88
1865,81.14
1866,288.82
1867,87.45
1868,128.48
1869,122.02
1870,88.26
1871,87.49
1872,84.79
1873,82.97
1874,81.76
1875,62.87
1876,63.75
1877,62.01
1878,63.73
1879,82.83
1880,62.87
1881,51.3
1882,54.49
1883,52.75
1884,52.55
1885,52.55
1886,42.67
1887,61.72
1888,63.81
1889,52.55
1890,79.74
1891,139.02
1892,99.19
1893,87.49
1894,75.85
1895,106.14
1896,96.5
1897,81.44
1898,59.73
1899,52.75
1900,55.01
1901,89.64
1902,190.3
1903,94.17
1904,90.04
1905,0
1906,30.75
1907,-6.4
1908,-45
1909,0
1910,-42
1911,-0.02
1912,22.55
1913,46.08
1914,99.19
1915,175.41
1916,170.93
1917,115.6
1918,92.11
1919,110.47
1920,88.37
1921,88.67
1922,99.19
1923,87.75
1924,102.83
1925,102.96
1926,86.03
1927,139.01
1928,87.75
1929,139.01
1930,38.73
1931,-5.83
1932,217.57
1933,13.11
1934,30.55
1935,96.54
1936,80.63
1937,62.97
1938,128.85
1939,145.76
1940,109.99
1941,93.99
1942,108.4
1943,99.42
1944,115.62
1945,107.62
1946,81.49
1947,78.76
1948,79.93
1949,89.62
1950,63.73
1951,93.88
1952,35.02
1953,-40.59
1954,-43.9
1955,-2.39
1956,-40.59
1957,118.63
1958,-44.46
1959,-0.02
1960,-2.01
1961,65.83
1962,98.77
1963,184.21
1964,160.27
1965,124.06
1966,118.91
1967,129.18
1968,96.94
1969,116.02
1970,87.75
1971,83.33
1972,83.83
1973,87.12
1974,92.32
1975,116.13
1976,98.64
1977,178.3
1978,33.78
1979,137.36
1980,47.82
1981,-39.51
1982,73.39
1983,33.78
1984,80.96
1985,99.19
1986,185.7
1987,154.6
1988,145.01
1989,131.26
1990,115.79
1991,103.39
1992,93.79
1993,89.08
1994,76.77
1995,85.98
1996,86.35
1997,79.17
1998,87.74
1999,83.9
2000,76.54
2001,30.55
2002,41.41
2003,24.45
2004,40.28
2005,52.55
2006,36.82
2007,76.92
2008,52.55
2009,32.88
2010,98.88
2011,145.01
2012,139.01
2013,104.51
2014,93.22
2015,93.36
2016,93.88
2017,90.9
2018,85.86
2019,59.73
2020,55.47
2021,65.83
2022,87.75
2023,85.67
2024,63.75
2025,22.55
2026,18.84
2027,22.55
2028,18.74
2029,30.55
2030,29.62
2031,52.75
2032,72.62
2033,76.86
2034,125.12
2035,325.69
2036,340.29
2037,160
2038,144.66
2039,137.41
2040,92
2041,122.96
2042,99
2043,84.54
2044,83.37
2045,100.68
2046,93.87
2047,119.79
2048,109.52
2049,30.55
2050,73.84
2051,-43.9
2052,256.68
2053,6.3
2054,238.85
2055,7.64
2056,203.18
2057,145.01
2058,192.48
2059,662.9
2060,337.21
2061,237.84
2062,147.49
2063,146.68
2064,125.75
2065,129.48
2066,125.75
2067,113.48
2068,117.77
2069,123.31
2070,133.14
2071,151.04
2072,176.85
2073,167.03
2074,207.66
2075,144.18
2076,226.07
2077,-44.17
2078,333.93
2079,346.62
2080,295.01
2081,130.73
2082,326.26
2083,1245.65
2084,386.64
2085,295.01
2086,145.01
2087,146.33
2088,156.26
2089,121.18
2090,104.87
2091,104.09
2092,87.75
2093,87.75
2094,103.34
2095,127.61
2096,156.57
2097,299.43
2098,291.64
2099,155.35
2100,156.78
2101,321.33
2102,139.4
2103,20.39
2104,14.02
2105,121.07
2106,104.87
2107,194.01
2108,178
2109,194.02
2110,141.3
2111,145.01
2112,125.75
2113,123.89
2114,111.08
2115,112.55
2116,116.54
2117,117.83
2118,118.52
2119,156.4
2120,166.97
2121,160.57
2122,212.58
2123,65.68
2124,33.06
2125,-38.24
2126,31.2
2127,218.04
2128,66.49
2129,63.73
2130,181.85
2131,295.01
2132,188.5
2133,184.62
2134,145.01
2135,125.75
2136,93.9
2137,112.63
2138,97.17
2139,63.75
2140,73.49
2141,87.75
2142,102.13
2143,131.16
2144,78.76
2145,30.55
2146,-40.59
2147,-43.9
2148,-43.9
2149,-37
2150,-2.01
2151,38.02
2152,56.43
2153,71.29
2154,202.5
2155,189.32
2156,153.9
2157,137.34
2158,137.32
2159,194.02
2160,131.48
2161,135.05
2162,132.53
2163,194.17
2164,194.48
2165,172.86
2166,182.2
2167,210.03
2168,161.36
2169,59.73
2170,38.01
2171,99.44
2172,60.5
2173,55.03
2174,38.03
2175,55
2176,90.45
2177,95.92
2178,225.59
2179,205.71
2180,174.27
2181,390.6
2182,134.67
2183,141.82
2184,136.32
2185,142.3
2186,129.89
2187,158.97
2188,139.76
2189,161.37
2190,162.83
2191,155.46
2192,111.44
2193,57.49
2194,-2.01
2195,0
2196,18.84
2197,0
2198,55.03
2199,66.17
2200,38.02
2201,53.73
2202,295.01
2203,327.57
2204,192.5
2205,145.01
2206,132.88
2207,186.94
2208,126.45
2209,128.86
2210,113.43
2211,87.16
2212,119.99
2213,120.96
2214,120.76
2215,123.29
2216,171.98
2217,79.92
2218,55
2219,31.54
2220,59.35
2221,82.64
2222,116.77
2223,113.93
2224,93.43
2225,120.25
2226,393.62
2227,304.03
2228,212.32
2229,184.95
2230,139.01
2231,178.16
2232,190.3
2233,110.5
2234,156.88
2235,137.68
2236,134.46
2237,170.26
2238,151.64
2239,168.8
2240,200.29
2241,86.25
2242,30.78
2243,65.42
2244,79.7
2245,73.78
2246,79.05
2247,87.75
2248,123.35
2249,100.4
2250,349.01
2251,294.06
2252,207.4
2253,149.4
2254,239.32
2255,174.57
2256,184.97
2257,182.27
2258,152.19
2259,152.7
2260,167.87
2261,153.38
2262,108.5
2263,179.56
2264,136.32
2265,75.82
2266,-0.02
2267,-2.01
2268,-10.91
2269,-10.91
2270,60.71
2271,83.16
2272,93.51
2273,145
2274,370.73
2275,560
2276,369.62
2277,141.73
2278,167.51
2279,164.98
2280,137.9
2281,164.19
2282,103.1
2283,101.97
2284,101.73
2285,95.76
2286,103.45
2287,101.49
2288,91.89
2289,38
2290,18.84
2291,-0.02
2292,52.95
2293,60.75
2294,85.07
2295,94.88
2296,109.29
2297,115.09
2298,160.19
2299,259.18
2300,332.33
2301,142.34
2302,113.9
2303,103.94
2304,107.31
2305,100.24
2306,89.74
2307,88.01
2308,84.38
2309,67.03
2310,88.4
2311,87.51
2312,90.21
2313,52.75
2314,86.85
2315,136.29
2316,85.14
2317,56.02
2318,22.55
2319,37.16
2320,59.02
2321,41.33
2322,159.32
2323,104.87
2324,104.87
2325,139.01
2326,96.14
2327,101.93
2328,91.43
2329,87.97
2330,97.36
2331,69.91
2332,60.39
2333,44.18
2334,38.02
2335,52.75
2336,22.55
2337,-42.7
2338,-45
2339,-49.5
2340,-57.2
2341,-62.82
2342,-75.56
2343,-53.24
2344,-45.06
2345,-36.06
2346,108.93
2347,139.01
2348,115.6
2349,139.01
2350,96.73
2351,72.46
2352,70.34
2353,86.94
2354,69.6
2355,24.27
2356,24.52
2357,52.55
2358,52.55
2359,49.4
2360,23.96
2361,-38.01
2362,-36.34
2363,-49.5
2364,-64.81
2365,-62.9
2366,-64.81
2367,-45.01
2368,-42.18
2369,-10.91
2370,64.01
2371,119.79
2372,117.25
2373,91.85
2374,85.83
2375,84.08
2376,89.13
2377,88.19
2378,88.99
2379,85.19
2380,89.75
2381,65.53
2382,87.41
2383,87.03
2384,53.73
2385,-40.59
2386,-45
2387,-45.01
2388,-52.71
2389,-64.81
2390,-45.06
2391,-40
2392,-10.91
2393,40.7
2394,179.31
2395,194.01
2396,179.77
2397,145.01
2398,151.8
2399,132.63
2400,112.95
2401,108.5
2402,102.52
2403,99.19
2404,99.19
2405,115.6
2406,173.85
2407,106.61
2408,95.58
2409,25.2
2410,-36.06
2411,-36.71
2412,-40
2413,-40
2414,-36.06
2415,-10.54
2416,18.84
2417,73.87
2418,155.12
2419,370.73
2420,194.01
2421,295.01
2422,192.5
2423,155.76
2424,190.3
2425,193.53
2426,139.01
2427,123.69
2428,121.96
2429,105.08
2430,93.73
2431,194.05
2432,85.82
2433,63.75
2434,55.03
2435,-10.91
2436,0
2437,-40
2438,18.84
2439,30.55
2440,18.84
2441,44.32
2442,170.66
2443,370.73
2444,179.88
2445,295.01
2446,220.71
2447,157.89
2448,113.04
2449,112.76
2450,119.91
2451,108.69
2452,99.19
2453,120.2
2454,113.95
2455,135.45
2456,135.97
2457,63.75
2458,30.55
2459,-2.01
2460,-40
2461,-40
2462,-40
2463,22.55
2464,48.77
2465,45.8
2466,148.28
2467,275.32
2468,148.15
2469,154.33
2470,139.01
2471,103.01
2472,102.04
2473,108.48
2474,92.21
2475,95.8
2476,90.75
2477,93.47
2478,87.45
2479,105.7
2480,96.52
2481,22.55
2482,30.55
2483,-2.01
2484,-40
2485,-39.15
2486,22.55
2487,52.55
2488,55
2489,64.16
2490,143.27
2491,192.5
2492,151.64
2493,179.88
2494,192.5
2495,126.27
2496,190.3
2497,105.1
2498,139.01
2499,114.84
2500,121.35
2501,190.24
2502,92.88
2503,88.73
2504,62.97
2505,0.93
2506,-0.89
2507,-30
2508,-30
2509,-30
2510,-10.91
2511,18.84
2512,57.33
2513,81.62
2514,145.01
2515,165.43
2516,139.01
2517,145.01
2518,150.76
2519,112.82
2520,113.02
2521,103.02
2522,125.75
2523,106.03
2524,92.23
2525,86.03
2526,88.59
2527,64.96
2528,79.34
2529,18.84
2530,-2.01
2531,-10.91
2532,-2.01
2533,10.25
2534,36.32
2535,12.25
2536,52.75
2537,115.6
2538,370.73
2539,552.52
2540,174.43
2541,192.5
2542,145.01
2543,169.61
2544,137.77
2545,129.42
2546,139.01
2547,115.7
2548,122.46
2549,114.79
2550,105.8
2551,193.53
2552,189.06
2553,93.33
2554,55.03
2555,57.83
2556,53.32
2557,63.75
2558,87.75
2559,90.74
2560,68.41
2561,164.26
2562,317
2563,309.52
2564,285.88
2565,179.77
2566,160
2567,141.31
2568,145.96
2569,177.99
2570,120.96
2571,105.19
2572,84.94
2573,85.63
2574,94.15
2575,96.86
2576,128.73
2577,30.75
2578,52.55
2579,-10.54
2580,24.12
2581,52.75
2582,55.02
2583,22.34
2584,80.86
2585,88.35
2586,192.5
2587,306.85
2588,184.43
2589,163.04
2590,155.81
2591,165.84
2592,114.19
2593,155.2
2594,164.13
2595,123.02
2596,87.75
2597,97.38
2598,105.47
2599,116.76
2600,146.25
2601,79.83
2602,60.19
2603,18.84
2604,52.75
2605,58.73
2606,42.62
2607,74.55
2608,79.1
2609,86.58
2610,209.14
2611,309.52
2612,192.5
2613,291.42
2614,217.88
2615,179.68
2616,143.66
2617,133.7
2618,105.44
2619,97.04
2620,97.39
2621,91.72
2622,114.74
2623,128.51
2624,172.89
2625,55
2626,18.84
2627,-2.01
2628,22.55
2629,22.55
2630,52.55
2631,75.97
2632,97.16
2633,104.87
2634,298.75
2635,309.34
2636,298.06
2637,178.96
2638,146.46
2639,177.31
2640,142.7
2641,172.79
2642,125.75
2643,99.88
2644,97.32
2645,86.07
2646,104.61
2647,105.62
2648,133.61
2649,0
2650,30.55
2651,22.55
2652,18.84
2653,55
2654,73.97
2655,89.04
2656,69.64
2657,94.96
2658,295.01
2659,314.12
2660,296.15
2661,178.21
2662,168.47
2663,126.88
2664,136.15
2665,145.07
2666,136.29
2667,115.67
2668,106.25
2669,101.52
2670,106.53
2671,100.14
2672,86.51
2673,-2.01
2674,-39.15
2675,-30
2676,-30
2677,0
2678,-2.01
2679,18.84
2680,52.55
2681,53.07
2682,142.64
2683,109.95
2684,92.55
2685,76.16
2686,78.41
2687,66.39
2688,104.52
2689,98.8
2690,86.86
2691,87.75
2692,87.55
2693,88.14
2694,95.47
2695,63.43
2696,63.75
2697,-2.01
2698,-44.46
2699,-40.59
2700,-39.15
2701,-30
2702,-30
2703,-30
2704,22.55
2705,31.8
2706,177.22
2707,332.37
2708,153.48
2709,115.03
2710,99.19
2711,87.09
2712,94.31
2713,83.1
2714,85.61
2715,66.17
2716,86.96
2717,90.13
2718,68.17
2719,87.45
2720,87.45
2721,30.75
2722,18.84
2723,31.22
2724,52.55
2725,22.55
2726,0
2727,18.84
2728,53.8
2729,78.19
2730,178.78
2731,291.93
2732,145.01
2733,104.89
2734,125.61
2735,99.19
2736,107.19
2737,93.48
2738,83.95
2739,92.9
2740,96.48
2741,97.79
2742,99.4
2743,63.75
2744,80.56
2745,18.84
2746,0.62
2747,18.84
2748,-32.93
2749,22.55
2750,52.75
2751,29.62
2752,43.25
2753,91.83
2754,292.94
2755,165.3
2756,132.91
2757,110.42
2758,131.91
2759,108.66
2760,99.91
2761,98.17
2762,96.57
2763,96.03
2764,85.11
2765,78.35
2766,99.65
2767,102.18
2768,100.56
2769,22.55
2770,35.08
2771,30.55
2772,60.58
2773,29.07
2774,55.87
2775,93.28
2776,64.36
2777,100.64
2778,186.61
2779,139.01
2780,130.02
2781,110.75
2782,104.87
2783,100.91
2784,104.87
2785,92.57
2786,87.93
2787,80.75
2788,86.03
2789,64.75
2790,69.14
2791,90.3
2792,119.11
2793,36.75
2794,0
2795,18.84
2796,18.84
2797,76.02
2798,30.4
2799,55.03
2800,79.71
2801,53.73
2802,310.77
2803,295.01
2804,181.69
2805,122.67
2806,105.28
2807,100.27
2808,107.5
2809,113.62
2810,112.21
2811,81.97
2812,83.82
2813,81.3
2814,73.16
2815,87.45
2816,103.23
2817,59.73
2818,52.55
2819,55.02
2820,42.25
2821,55
2822,111.99
2823,77.66
2824,91.35
2825,96.08
2826,238.17
2827,295.01
2828,294.16
2829,193.66
2830,145.01
2831,140.71
2832,227.63
2833,145.01
2834,128.79
2835,139.81
2836,131.3
2837,120.61
2838,129.69
2839,138.58
2840,185.49
2841,126.63
2842,190.49
2843,112.39
2844,104.18
2845,86.75
2846,115.14
2847,142.1
2848,144.56
2849,264.59
2850,196.56
2851,325.42
2852,272.75
2853,271.21
2854,264.79
2855,256.47
2856,274.41
2857,295.55
2858,295.01
2859,188.75
2860,187.13
2861,240.31
2862,248.42
2863,121.72
2864,165.64
2865,90.75
2866,67.91
2867,71.82
2868,30.55
2869,64.75
2870,33.5
2871,59.73
2872,110.75
2873,242.2
2874,348.91
2875,417.98
2876,263.18
2877,260.49
2878,194.01
2879,248.36
2880,282.53
2881,295.01
2882,121.26
2883,369.62
2884,125.75
2885,303.99
2886,370.73
2887,86.51
2888,86.01
2889,-40
2890,0
2891,-40
2892,-40.59
2893,-40
2894,-39.15
2895,18.84
2896,52.55
2897,159.68
2898,290.32
2899,281.99
2900,278.74
2901,283.18
2902,154.99
2903,158.83
2904,133.94
2905,144.68
2906,139.65
2907,122.3
2908,99.38
2909,87.04
2910,105.49
2911,123.02
2912,311.22
2913,265.77
2914,110.75
2915,55.03
2916,14.25
2917,30.55
2918,64.75
2919,93.73
2920,148.77
2921,145.01
2922,177.91
2923,303.74
2924,195.51
2925,187.86
2926,170.05
2927,167.7
2928,145.9
2929,141.79
2930,142.86
2931,142.29
2932,143.16
2933,106.64
2934,109.35
2935,114.76
2936,144.15
2937,75.89
2938,0
2939,-13.91
2940,-30
2941,-30
2942,-4.58
2943,22.55
2944,30.55
2945,101.95
2946,212.16
2947,161.85
2948,191.93
2949,175.56
2950,140.03
2951,145.01
2952,156.11
2953,179.5
2954,274.31
2955,113.93
2956,99.19
2957,99.19
2958,136.81
2959,156.4
2960,299.17
2961,-20.76
2962,-30
2963,-40.59
2964,-40
2965,-40.59
2966,-2.01
2967,0.62
2968,61.95
2969,139.01
2970,259.86
2971,293.43
2972,250.75
2973,274.68
2974,221.13
2975,175.21
2976,146.47
2977,193.53
2978,140.49
2979,126.01
2980,126.56
2981,131.08
2982,161.44
2983,141.95
2984,273.73
2985,30.55
2986,48.56
2987,22.55
2988,22.55
2989,30.55
2990,55.02
2991,60.31
2992,66.26
2993,116.05
2994,181.49
2995,207.58
2996,275.06
2997,244.42
2998,186.22
2999,247.92
3000,280.54
3001,263.62
3002,184.03
3003,127.55
3004,127.26
3005,123.36
3006,178.31
3007,139.01
3008,157.89
3009,30.55
3010,30.55
3011,21.32
3012,22.55
3013,39.64
3014,20.84
3015,29.62
3016,59.73
3017,287.4
3018,291.69
3019,291.98
3020,211.29
3021,173.21
3022,139.01
3023,193.77
3024,130.63
3025,112.77
3026,116.88
3027,114.22
3028,90.75
3029,110.75
3030,130.75
3031,148.25
3032,137.39
3033,103.61
3034,103.49
3035,90.75
3036,70.15
3037,30.55
3038,18.84
3039,30.55
3040,110.48
3041,84.21
3042,189.98
3043,123.71
3044,195.6
3045,152.6
3046,139.01
3047,104.22
3048,103.33
3049,87.49
3050,107.06
3051,87.49
3052,69.93
3053,78.42
3054,110.75
3055,110.75
3056,266.26
3057,30.55
3058,-0.4
3059,-30
3060,-45
3061,-40.59
3062,-40
3063,-40
3064,22.55
3065,64.75
3066,199.13
3067,290
3068,189.98
3069,139.01
3070,146.07
3071,107.46
3072,108.09
3073,99.19
3074,90.75
3075,87.49
3076,98.35
3077,98.35
3078,104.87
3079,118.55
3080,304.65
3081,18.84
3082,-2.01
3083,-2.01
3084,-39.15
3085,-40.59
3086,-2.01
3087,0
3088,30.99
3089,118.94
3090,271.57
3091,549.45
3092,284.59
3093,268.24
3094,152.33
3095,152.91
3096,199.67
3097,145.66
3098,109.62
3099,109.97
3100,110.51
3101,111.9
3102,153.73
3103,190.74
3104,310.61
3105,30.55
3106,22.55
3107,-30
3108,-13.91
3109,-2.01
3110,18.84
3111,64.75
3112,55
3113,262.55
3114,275.16
3115,604.91
3116,266.15
3117,274.82
3118,192.5
3119,165.88
3120,171.91
3121,182.17
3122,145.18
3123,133.54
3124,111.9
3125,122.71
3126,121.12
3127,142.16
3128,292.53
3129,46.75
3130,52.55
3131,0
3132,34.79
3133,52.55
3134,67.62
3135,63.12
3136,-13.91
3137,87.49
3138,148.86
3139,285.81
3140,192.5
3141,280.07
3142,165.73
3143,155.63
3144,145.42
3145,146.94
3146,140.44
3147,129.4
3148,125.89
3149,120.24
3150,149.32
3151,139.01
3152,276.5
3153,62.87
3154,30.55
3155,22.55
3156,55.01
3157,59.73
3158,67.62
3159,125.48
3160,122.49
3161,224.41
3162,262.57
3163,288.08
3164,273.2
3165,277.93
3166,161.55
3167,258.78
3168,145.42
3169,140.79
3170,146.35
3171,143.86
3172,130.96
3173,131.83
3174,228.59
3175,137.53
3176,172.43
3177,30.55
3178,18.84
3179,22.55
3180,-21.08
3181,-30
3182,18.84
3183,30.55
3184,86.01
3185,122.08
3186,280.75
3187,274.57
3188,181.39
3189,142.05
3190,145.01
3191,194.58
3192,145.01
3193,161.28
3194,133.18
3195,121.4
3196,116.28
3197,130.62
3198,132.5
3199,122.37
3200,126.14
3201,59.73
3202,29.27
3203,30.55
3204,30.55
3205,60.8
3206,67.62
3207,76.62
3208,134.02
3209,142.13
3210,151.18
3211,291.04
3212,276.65
3213,219.44
3214,153.84
3215,131.08
3216,134.97
3217,138.88
3218,138.01
3219,133.69
3220,124.55
3221,126.46
3222,111.67
3223,134.05
3224,193.53
3225,147.56
3226,115.62
3227,85.51
3228,60.33
3229,90.75
3230,119.92
3231,155.03
3232,156.1
3233,287.05
3234,280.79
3235,144.55
3236,236.26
3237,224.85
3238,177.44
3239,144.18
3240,127.54
3241,144.54
3242,145.42
3243,143.8
3244,136.03
3245,130.04
3246,139.01
3247,193.53
3248,370.73
3249,302.78
3250,370.73
3251,141.14
3252,120.29
3253,159.36
3254,368.59
3255,218.89
3256,93
3257,147.38
3258,310.9
3259,295.32
3260,295.44
3261,295.01
3262,295.01
3263,182.06
3264,220.74
3265,193.53
3266,164.6
3267,153.26
3268,110.07
3269,144.79
3270,154.78
3271,165.12
3272,295
3273,78.1
3274,55
3275,55.01
3276,61.57
3277,16.78
3278,90.75
3279,76.67
3280,90.75
3281,101.58
3282,189.98
3283,193.53
3284,238.6
3285,214.98
3286,189.98
3287,145.42
3288,135.35
3289,145.01
3290,150.75
3291,147.43
3292,147.68
3293,134.13
3294,139.01
3295,172.31
3296,311.99
3297,145.01
3298,18.84
3299,18.84
3300,55.03
3301,-2.01
3302,52.55
3303,64.75
3304,59.73
3305,130.35
3306,213.04
3307,179.88
3308,260.05
3309,258.46
3310,249.69
3311,225.31
3312,159.54
3313,145.83
3314,145.42
3315,141.52
3316,127.53
3317,144.07
3318,151.4
3319,153.05
3320,304.71
3321,83.05
3322,59.55
3323,0
3324,-2.01
3325,-2.01
3326,25.66
3327,22.55
3328,18.84
3329,145.01
3330,292.09
3331,145.01
3332,189.98
3333,192.5
3334,287.03
3335,257.81
3336,156.72
3337,146.81
3338,298.5
3339,282.68
3340,301.89
3341,156.03
3342,163.04
3343,194.01
3344,283.67
3345,68.25
3346,30.55
3347,-13.91
3348,-30
3349,-42.26
3350,-30
3351,-30
3352,59.73
3353,105.66
3354,193.53
3355,145.01
3356,295
3357,193.29
3358,147.31
3359,137.53
3360,158.22
3361,130.01
3362,66.46
3363,64.75
3364,62.38
3365,90.94
3366,99.69
3367,91.05
3368,62.88
3369,29.62
3370,0
3371,-42.54
3372,-47.36
3373,-51.01
3374,-47.36
3375,-42.48
3376,22.55
3377,18.84
3378,295
3379,148.81
3380,255.34
3381,198.26
3382,142.54
3383,162.31
3384,111.54
3385,112.96
3386,110.75
3387,71.11
3388,63.95
3389,65.59
3390,138.78
3391,145.01
3392,325.5
3393,90.75
3394,42.62
3395,-2.01
3396,-10.54
3397,-13.91
3398,-2.01
3399,18.84
3400,-2.01
3401,121.04
3402,290.3
3403,370.73
3404,295.7
3405,290
3406,290
3407,266.13
3408,214.64
3409,264.18
3410,150.89
3411,149.35
3412,223.8
3413,202.8
3414,238.44
3415,270.65
3416,471.29
3417,90.75
3418,107.92
3419,64.75
3420,58.6
3421,28.05
3422,60.32
3423,75.35
3424,61.55
3425,242.25
3426,287.98
3427,294.13
3428,315.62
3429,300.15
3430,277.52
3431,279.98
3432,297.6
3433,310.08
3434,296.63
3435,149.46
3436,143.25
3437,110.75
3438,152.61
3439,151.6
3440,396.6
3441,137.78
3442,67.62
3443,18.84
3444,22.55
3445,18.84
3446,18.84
3447,22.55
3448,30.55
3449,61.73
3450,264.98
3451,377.15
3452,144.01
3453,287.99
3454,268.22
3455,142.96
3456,297.93
3457,153.19
3458,110.75
3459,90.75
3460,87.49
3461,90.75
3462,110.75
3463,145.01
3464,619
3465,91.77
3466,64.75
3467,30.55
3468,0
3469,22.55
3470,86
3471,130.27
3472,112.31
3473,259.86
3474,270.81
3475,194.01
3476,552.52
3477,169.32
3478,552.52
3479,383.19
3480,90.75
3481,87.49
3482,90.75
3483,69.13
3484,69.95
3485,87.49
3486,91.57
3487,144.01
3488,292.85
3489,55.01
3490,64.75
3491,22.55
3492,18.84
3493,-30
3494,22.55
3495,22.55
3496,18.84
3497,133.81
3498,277.47
3499,189.98
3500,141.45
3501,182.46
3502,222.36
3503,158.97
3504,159.08
3505,156.61
3506,175.44
3507,136.6
3508,290
3509,155.44
3510,151.4
3511,149.61
3512,303.88
3513,55.02
3514,48.56
3515,13.91
3516,-2.01
3517,-30
3518,-2.01
3519,22.55
3520,52.55
3521,99.42
3522,287.98
3523,196.51
3524,145.01
3525,145.01
3526,139.01
3527,138.5
3528,296.14
3529,231.14
3530,154.28
3531,91.85
3532,91.01
3533,90.75
3534,93.2
3535,112.47
3536,150.54
3537,75.59
3538,42.62
3539,-21.08
3540,-40
3541,-40
3542,-40.59
3543,-13.91
3544,23.62
3545,130.05
3546,279
3547,290
3548,144.01
3549,176.44
3550,95.18
3551,64.75
3552,94.23
3553,92.89
3554,92.36
3555,90.75
3556,90.75
3557,39.55
3558,74.88
3559,76
3560,194.01
3561,125.11
3562,71.01
3563,18.84
3564,-2.01
3565,0
3566,0.14
3567,30.85
3568,31.35
3569,34.27
3570,230.12
3571,194.01
3572,287.61
3573,192.5
3574,174.02
3575,125.1
3576,110.75
3577,144.01
3578,104.87
3579,96.87
3580,96.51
3581,90.75
3582,100.76
3583,115.6
3584,619
3585,135.42
3586,55.93
3587,0
3588,-13.91
3589,-30
3590,18.84
3591,42.62
3592,46.33
3593,144.01
3594,275.28
3595,1166.57
3596,287.61
3597,354.81
3598,273.37
3599,103.21
3600,110.75
3601,119.37
3602,110.75
3603,90.75
3604,92.37
3605,104.87
3606,190.3
3607,193.53
3608,399.73
3609,139.01
3610,88.66
3611,55.02
3612,55.02
3613,18.84
3614,50.12
3615,67.03
3616,69.95
3617,46.75
3618,154.08
3619,194.01
3620,147.84
3621,115.09
3622,90.75
3623,90.75
3624,87.45
3625,88.06
3626,85.67
3627,82.69
3628,81
3629,1
3630,52.55
3631,82.12
3632,144.01
3633,72.63
3634,23.62
3635,-0.01
3636,18.84
3637,12.42
3638,19.16
3639,0
3640,54.01
3641,110.04
3642,174.08
3643,275.28
3644,267.77
3645,262.24
3646,239.98
3647,145.01
3648,160.9
3649,150.47
3650,118.79
3651,111.96
3652,111.5
3653,115.2
3654,115.09
3655,110.44
3656,87.47
3657,90.75
3658,-30
3659,-13.91
3660,42.62
3661,42.62
3662,50.43
3663,66.35
3664,64.75
3665,149.35
3666,267.77
3667,265.92
3668,189.98
3669,138.91
3670,103.01
3671,90.75
3672,123.25
3673,63.38
3674,81.42
3675,82.8
3676,82.23
3677,81.56
3678,83.95
3679,85.11
3680,139.01
3681,79.27
3682,67.62
3683,43.99
3684,32.98
3685,64.75
3686,78.35
3687,60.33
3688,79.44
3689,132.75
3690,196.79
3691,194.01
3692,105.67
3693,104.87
3694,92.47
3695,55.01
3696,85.7
3697,86.88
3698,82.95
3699,64.75
3700,55.39
3701,54.15
3702,54.15
3703,55
3704,83.52
3705,64.75
3706,53.15
3707,52.55
3708,79.88
3709,81
3710,64
3711,63.43
3712,106.63
3713,190.07
3714,130.11
3715,145.01
3716,105.9
3717,110.75
3718,86.88
3719,82.95
3720,80.7
3721,64.75
3722,64.75
3723,55.01
3724,54.41
3725,46.75
3726,46.75
3727,84.64
3728,139.01
3729,82.15
3730,79.44
3731,78.89
3732,85.62
3733,90.75
3734,90.75
3735,90.75
3736,104.96
3737,100.53
3738,110.7
3739,289.84
3740,104.87
3741,99.19
3742,82.8
3743,64.75
3744,79.88
3745,64.75
3746,55.03
3747,53.86
3748,48.6
3749,55
3750,78.24
3751,90.75
3752,159.67
3753,90.75
3754,67.6
3755,65.69
3756,90.75
3757,70.93
3758,67.62
3759,97.82
3760,86.02
3761,59.73
3762,192.5
3763,265.92
3764,113.46
3765,104.87
3766,90.75
3767,57.42
3768,78.24
3769,87.49
3770,77.7
3771,56.23
3772,55.45
3773,80.07
3774,85.53
3775,85.53
3776,192.5
3777,50.59
3778,51.34
3779,22.55
3780,4.15
3781,42.62
3782,30.55
3783,42.62
3784,32.41
3785,124.6
3786,135.76
3787,145.01
3788,130
3789,189.98
3790,87.36
3791,61.94
3792,85.53
3793,104.87
3794,81
3795,76.89
3796,64.75
3797,61.1
3798,83.84
3799,82.12
3800,239.98
3801,83.84
3802,72.46
3803,67.53
3804,64.75
3805,29.62
3806,86
3807,90.15
3808,81.11
3809,40.53
3810,139.01
3811,204.64
3812,145.16
3813,192.5
3814,90.16
3815,85.53
3816,104.87
3817,90.75
3818,86.29
3819,83.84
3820,82.95
3821,82.11
3822,87.49
3823,104.87
3824,112.75
3825,87.49
3826,18.84
3827,0.02
3828,18.84
3829,18.84
3830,0
3831,18.84
3832,22.55
3833,71.53
3834,117.69
3835,175.41
3836,130.04
3837,130.02
3838,104.87
3839,79.05
3840,110.75
3841,102.85
3842,81.67
3843,90.75
3844,81.56
3845,82.12
3846,82.06
3847,65.28
3848,130
3849,69.73
3850,50.26
3851,18.84
3852,0.62
3853,-25.11
3854,10.28
3855,22.55
3856,30.57
3857,68.4
3858,161.68
3859,144.01
3860,121.09
3861,132.08
3862,104.87
3863,95.95
3864,99.19
3865,106.52
3866,90.75
3867,90.75
3868,86.02
3869,102.15
3870,100.06
3871,62.47
3872,91.59
3873,69.23
3874,42.62
3875,40.88
3876,27.78
3877,37.48
3878,30.55
3879,29.62
3880,66.86
3881,94.01
3882,192.5
3883,162.65
3884,117.1
3885,127.6
3886,99.42
3887,108.24
3888,101.41
3889,90.75
3890,90.75
3891,82.65
3892,78.24
3893,78.24
3894,76.89
3895,64.75
3896,99.19
3897,78.89
3898,91.42
3899,73.75
3900,67.62
3901,67.62
3902,80.55
3903,61.73
3904,91.76
3905,82.95
3906,555
3907,619
3908,194.66
3909,264.98
3910,144.01
3911,90.75
3912,90.53
3913,87.49
3914,87.49
3915,86.17
3916,84.2
3917,87.48
3918,87.49
3919,90.75
3920,192.5
3921,83.45
3922,62.19
3923,87.65
3924,90.75
3925,64.75
3926,64.75
3927,55.57
3928,33.73
3929,140.49
3930,189.98
3931,165.17
3932,129.93
3933,124.47
3934,102.94
3935,58.81
3936,87.49
3937,85.7
3938,61.94
3939,60.26
3940,32.42
3941,32.86
3942,52.55
3943,82.46
3944,150
3945,44.94
3946,22.55
3947,-21.08
3948,-40.02
3949,-45
3950,-39.15
3951,22.55
3952,18.84
3953,87.49
3954,145.01
3955,251.13
3956,117.41
3957,103.1
3958,83.23
3959,79.59
3960,81
3961,97.33
3962,76.09
3963,73.07
3964,70.22
3965,53.17
3966,74.78
3967,83.8
3968,109.03
3969,61.46
3970,22.55
3971,-2.01
3972,-45
3973,-39.15
3974,-40.59
3975,42.62
3976,23.62
3977,48.9
3978,145.01
3979,145.16
3980,112.52
3981,112.37
3982,100.64
3983,83.26
3984,80.7
3985,83.26
3986,57.41
3987,54.87
3988,55
3989,87.49
3990,79.99
3991,62.81
3992,145.41
3993,56.04
3994,63.74
3995,30.55
3996,8.85
3997,22.55
3998,22.55
3999,30.87
4000,31.82
4001,50.53
4002,129.37
4003,145.01
4004,99.19
4005,129.37
4006,86.67
4007,100.99
4008,103.87
4009,101.73
4010,98.37
4011,75.67
4012,75.67
4013,124.98
4014,125.85
4015,90.75
4016,139.01
4017,64.75
4018,59.73
4019,8.31
4020,3.15
4021,10.62
4022,23.62
4023,35.3
4024,359.18
4025,99.19
4026,90.75
4027,115.6
4028,139.01
4029,145.01
4030,99.19
4031,85.95
4032,130.01
4033,90.57
4034,82.69
4035,79.88
4036,79.99
4037,59.85
4038,53.89
4039,59.73
4040,115.6
4041,64.75
4042,18.84
4043,0.2
4044,-36.17
4045,-39.91
4046,-41.63
4047,-34.48
4048,37.75
4049,36.75
4050,192.5
4051,194.01
4052,144.01
4053,130
4054,90.75
4055,59.43
4056,64.75
4057,59.73
4058,77.26
4059,57.71
4060,78.24
4061,79.99
4062,85.7
4063,61.52
4064,131.11
4065,50.42
4066,57.27
4067,18.84
4068,-2.01
4069,18.84
4070,0
4071,0
4072,30.55
4073,94.98
4074,194.01
4075,194.03
4076,145.01
4077,226.34
4078,150.73
4079,101.93
4080,94.3
4081,110.75
4082,90.75
4083,104.41
4084,85.13
4085,104.87
4086,110.75
4087,130.01
4088,156.8
4089,104.17
4090,18.84
4091,4.2
4092,0
4093,-2.01
4094,18.84
4095,18.84
4096,78.3
4097,281.85
4098,276.86
4099,399.2
4100,281.78
4101,286.53
4102,266.25
4103,135.24
4104,128.01
4105,112.51
4106,114.09
4107,104.87
4108,99.45
4109,108.47
4110,89.47
4111,100.42
4112,251.38
4113,110.21
4114,29.62
4115,18.84
4116,25
4117,0.62
4118,25
4119,22.55
4120,29.62
4121,129.99
4122,145.41
4123,1245.64
4124,272.12
4125,295.01
4126,145.41
4127,113.58
4128,98.73
4129,96.9
4130,104.39
4131,95.15
4132,85.67
4133,104.17
4134,116.16
4135,114.64
4136,182.18
4137,139.01
4138,114.41
4139,30.55
4140,80.94
4141,67.62
4142,98.15
4143,145.41
4144,116.53
4145,140.47
4146,194.01
4147,145.41
4148,144.92
4149,130
4150,91.24
4151,77.53
4152,112.36
4153,111.47
4154,106.14
4155,102.5
4156,94.75
4157,66.66
4158,86.12
4159,98.19
4160,150.74
4161,110.49
4162,61.73
4163,67.62
4164,18.84
4165,25
4166,22.12
4167,30.55
4168,-37.06
4169,59.73
4170,144.01
4171,145.01
4172,120.95
4173,104.59
4174,98.19
4175,70.67
4176,97.37
4177,115.98
4178,94.75
4179,94.75
4180,93.72
4181,91.85
4182,65.75
4183,68.88
4184,94.91
4185,53.75
4186,32.28
4187,5.6
4188,-10.54
4189,-40
4190,-33.22
4191,-32.25
4192,9.46
4193,65.03
4194,166.99
4195,173.72
4196,101.83
4197,105.01
4198,118.01
4199,73.84
4200,94.75
4201,100.36
4202,94.75
4203,72.42
4204,70.65
4205,68.96
4206,96.85
4207,87.47
4208,116.67
4209,58.94
4210,30.55
4211,0.62
4212,-21.08
4213,-40
4214,-37.84
4215,-36.75
4216,6.2
4217,59.01
4218,156.09
4219,146.01
4220,105.01
4221,118.01
4222,73.8
4223,72.54
4224,100.47
4225,71.73
4226,73.06
4227,65.75
4228,65.75
4229,60.86
4230,94.75
4231,70.85
4232,146.01
4233,65.75
4234,18.84
4235,-40
4236,-40
4237,-40.59
4238,-40
4239,-21.08
4240,15
4241,35.33
4242,238.64
4243,311.02
4244,186.41
4245,145.01
4246,96.52
4247,94.75
4248,74.24
4249,66.5
4250,64.82
4251,93.01
4252,63.15
4253,103.05
4254,91.22
4255,88.51
4256,145.41
4257,18.84
4258,-25.11
4259,-40.59
4260,-45.06
4261,-45.06
4262,-40
4263,0
4264,103.96
4265,136.3
4266,185.96
4267,161.13
4268,158.53
4269,161.98
4270,132.09
4271,99.46
4272,118.01
4273,128.61
4274,96.53
4275,93.37
4276,94.75
4277,94.75
4278,94.5
4279,88.99
4280,146.01
4281,94.75
4282,94.75
4283,35.35
4284,-40
4285,-40
4286,51.1
4287,30.55
4288,65.75
4289,146.4
4290,154.01
4291,259.47
4292,145.41
4293,157.3
4294,110.24
4295,94.75
4296,85.59
4297,66.1
4298,137.02
4299,112.7
4300,66.01
4301,65.75
4302,66.01
4303,66.01
4304,110.06
4305,94.75
4306,89.41
4307,65.75
4308,-2.01
4309,23.62
4310,6.38
4311,10.69
4312,37.9
4313,38.75
4314,164.19
4315,192.5
4316,145.16
4317,109.99
4318,99.19
4319,94.75
4320,96.69
4321,79.49
4322,93.01
4323,65.75
4324,66.71
4325,55.94
4326,94.7
4327,94.75
4328,133.18
4329,71.8
4330,-2.01
4331,-40.59
4332,-29.5
4333,-40
4334,-25.11
4335,-40
4336,5.44
4337,53.75
4338,140.64
4339,185.26
4340,118.01
4341,136.74
4342,105.01
4343,106.7
4344,120.76
4345,115.1
4346,87.31
4347,81
4348,59.25
4349,87.03
4350,88.96
4351,123.96
4352,191.15
4353,206.17
4354,132.97
4355,50.58
4356,30.54
4357,35.15
4358,29.53
4359,65.76
4360,34.24
4361,100.54
4362,174.55
4363,212.01
4364,140.26
4365,155.78
4366,169.91
4367,100.07
4368,96.09
4369,103.41
4370,101.21
4371,96.78
4372,90.11
4373,83.97
4374,89.79
4375,71.32
4376,119.18
4377,99.56
4378,78.07
4379,18.84
4380,18.84
4381,29.02
4382,30.54
4383,30.54
4384,54.21
4385,108.4
4386,172.37
4387,284.78
4388,139.36
4389,133.73
4390,99.93
4391,90.33
4392,88.9
4393,81.39
4394,65.89
4395,82.34
4396,59.55
4397,56.73
4398,80.42
4399,94.01
4400,157.63
4401,304.42
4402,295.52
4403,160.53
4404,95.68
4405,144.51
4406,268.66
4407,176.57
4408,167.96
4409,206.17
4410,289.73
4411,281.16
4412,203.66
4413,167.83
4414,133.41
4415,92.06
4416,115.62
4417,94.75
4418,83.97
4419,64.76
4420,73.76
4421,92.58
4422,94.38
4423,87.32
4424,104.87
4425,194.01
4426,173.5
4427,202.79
4428,285.67
4429,144.01
4430,145.2
4431,144.01
4432,145.2
4433,144.01
4434,269.49
4435,297.52
4436,147.62
4437,145.16
4438,104.87
4439,127.56
4440,94.89
4441,95.4
4442,87.49
4443,87.49
4444,63.78
4445,64.12
4446,67.4
4447,103.63
4448,168.99
4449,139.24
4450,59.55
4451,46.91
4452,31.5
4453,30.49
4454,52.55
4455,56.31
4456,47.46
4457,67.29
4458,94.75
4459,177.68
4460,105.01
4461,171.84
4462,97.13
4463,111.4
4464,92.22
4465,91.03
4466,86.07
4467,86.06
4468,65.47
4469,66.01
4470,68.39
4471,93.01
4472,171.79
4473,59.78
4474,59.55
4475,0
4476,-38.39
4477,32.17
4478,45.12
4479,52.55
4480,65.76
4481,67.5
4482,97.75
4483,166.04
4484,150.51
4485,131.49
4486,93.01
4487,67.84
4488,68.49
4489,67.53
4490,64.51
4491,59.55
4492,36.98
4493,38.18
4494,39.11
4495,59.55
4496,144.51
4497,70.43
4498,8
4499,-40
4500,-40
4501,-40
4502,-40
4503,-40.78
4504,18.84
4505,31.76
4506,69.52
4507,73.83
4508,63.75
4509,70.17
4510,67.28
4511,62.06
4512,87.47
4513,63.43
4514,53.07
4515,34.44
4516,34.51
4517,35.35
4518,36.36
4519,37.32
4520,60.76
4521,30.1
4522,-22.71
4523,-41.89
4524,-43.01
4525,-54.81
4526,-49.51
4527,-47.36
4528,-17.46
4529,18.84
4530,159.81
4531,194.01
4532,159
4533,101.61
4534,73.02
4535,66.01
4536,69.06
4537,66.38
4538,65.87
4539,64.23
4540,46.67
4541,36.58
4542,38.12
4543,39.32
4544,71.58
4545,18.84
4546,0.61
4547,-11.74
4548,-35.94
4549,-40.6
4550,-39.57
4551,-32.1
4552,-2.02
4553,10.7
4554,380.2
4555,194.01
4556,96.6
4557,95.34
4558,84.5
4559,64.39
4560,35.84
4561,52.55
4562,34.88
4563,33.87
4564,29.61
4565,30.54
4566,62.45
4567,67.85
4568,370.73
4569,71
4570,52.55
4571,0
4572,-2.02
4573,-31.71
4574,-5.11
4575,-0.83
4576,31.75
4577,81.09
4578,94.75
4579,145.2
4580,93.96
4581,97.15
4582,87.68
4583,66.99
4584,89.55
4585,81.01
4586,62.11
4587,59.31
4588,59.55
4589,39.8
4590,52.55
4591,87.27
4592,295.01
4593,86.1
4594,30.54
4595,-22.71
4596,-40
4597,-40.13
4598,-40
4599,-22.71
4600,30.54
4601,59.73
4602,138.81
4603,284.83
4604,249.73
4605,144.94
4606,119.69
4607,111.31
4608,87.17
4609,82.5
4610,78.76
4611,58.58
4612,53.5
4613,33.91
4614,59.55
4615,66.85
4616,154.38
4617,69.28
4618,52.55
4619,60.38
4620,30.54
4621,29.21
4622,34.43
4623,52.55
4624,59.55
4625,46.62
4626,149.58
4627,154.98
4628,94.74
4629,94.75
4630,135.63
4631,100.36
4632,59.55
4633,57.39
4634,54.77
4635,56.23
4636,56.79
4637,53.5
4638,59.73
4639,87.04
4640,145.2
4641,113.13
4642,51.3
4643,44.06
4644,30.54
4645,9.7
4646,5.3
4647,30.32
4648,40.99
4649,53.5
4650,141.43
4651,140.34
4652,108.76
4653,120.72
4654,106.98
4655,59.55
4656,84.2
4657,61.4
4658,59
4659,60.05
4660,51.57
4661,52.55
4662,59.55
4663,61.73
4664,121.75
4665,32.78
4666,39.54
4667,-20.79
4668,-40.53
4669,-40.03
4670,-44.24
4671,-43.01
4672,18.15
4673,22.55
4674,66.58
4675,93.68
4676,86.33
4677,67.65
4678,66.82
4679,43.15
4680,67.17
4681,59.55
4682,59.55
4683,63.93
4684,35.27
4685,52.55
4686,52.55
4687,52.55
4688,92.99
4689,54.01
4690,31.31
4691,30.54
4692,47.6
4693,18.84
4694,0
4695,0.22
4696,52.55
4697,76.18
4698,139.01
4699,128.83
4700,94.59
4701,121.75
4702,94.75
4703,84.82
4704,84.24
4705,96.32
4706,102.45
4707,59.55
4708,62.15
4709,62.77
4710,69.91
4711,68.87
4712,111.5
4713,54.67
4714,54.75
4715,-20.79
4716,-43.01
4717,-41.88
4718,30.54
4719,-45.06
4720,59.55
4721,81.1
4722,143.62
4723,156.19
4724,125.77
4725,117.57
4726,116.58
4727,91.41
4728,94.75
4729,85.04
4730,89.95
4731,59.17
4732,54.68
4733,59.55
4734,82.14
4735,91.74
4736,152.29
4737,98.21
4738,73.99
4739,49.21
4740,59.55
4741,0
4742,57.29
4743,56.13
4744,46
4745,67.21
4746,118.78
4747,301.68
4748,145.2
4749,101.96
4750,101.01
4751,77.7
4752,83.35
4753,61.06
4754,65.76
4755,59.55
4756,52.55
4757,54.44
4758,59.53
4759,94.72
4760,122.26
4761,91.04
4762,66.69
4763,51.24
4764,29.61
4765,9.53
4766,32.79
4767,35.79
4768,10.42
4769,46.51
4770,94.97
4771,151.36
4772,142.9
4773,134.29
4774,116.19
4775,63.86
4776,88.22
4777,99.53
4778,84.69
4779,59.96
4780,82.72
4781,60.47
4782,62.08
4783,86.47
4784,297.41
4785,25
4786,-38.58
4787,-47.74
4788,-49.51
4789,-54.66
4790,-47.74
4791,-41.45
4792,-2.02
4793,53.67
4794,161.96
4795,115.36
4796,100.98
4797,102.58
4798,99.53
4799,80.98
4800,75.13
4801,85.74
4802,83.73
4803,82.67
4804,65.76
4805,61.17
4806,83.75
4807,99.53
4808,99.53
4809,49.69
4810,26.78
4811,-41.29
4812,-45.06
4813,-43.54
4814,-41.29
4815,-41.29
4816,18.84
4817,55.6
4818,93.6
4819,109.99
4820,118.23
4821,123.6
4822,125.19
4823,89.41
4824,68.72
4825,67.09
4826,95.02
4827,64.37
4828,53.79
4829,63.86
4830,92.97
4831,94.82
4832,229.27
4833,79
4834,18.84
4835,-22.71
4836,0
4837,-2.02
4838,-22.71
4839,17.72
4840,50.55
4841,52.75
4842,157.37
4843,214.37
4844,131.88
4845,145.16
4846,117.94
4847,126.51
4848,102.24
4849,113.4
4850,77.45
4851,83.66
4852,61.48
4853,65.04
4854,69.33
4855,76.91
4856,144.76
4857,56.02
4858,22.55
4859,-40.6
4860,-46.68
4861,-47.74
4862,-41.29
4863,-43.54
4864,5.3
4865,59.73
4866,122.23
4867,139.01
4868,112.6
4869,121.27
4870,111.63
4871,79.26
4872,116.37
4873,151.76
4874,94.75
4875,93.56
4876,81.35
4877,99.09
4878,93.45
4879,82.59
4880,87.47
4881,52.55
4882,32.1
4883,-40
4884,-20.79
4885,-2.02
4886,-40
4887,0
4888,30.54
4889,54.27
4890,137.51
4891,295.01
4892,137.52
4893,113.77
4894,99.53
4895,64.62
4896,65.76
4897,84.73
4898,84.61
4899,55.32
4900,61.27
4901,65.48
4902,85.08
4903,87.58
4904,163.79
4905,144.51
4906,61.73
4907,62.51
4908,92.02
4909,102.43
4910,65.69
4911,52.1
4912,52.86
4913,44.98
4914,248.03
4915,327.18
4916,145.16
4917,145.16
4918,155.01
4919,80.32
4920,88.09
4921,129.11
4922,105.42
4923,94.75
4924,60.77
4925,81.26
4926,65.14
4927,92.31
4928,212.9
4929,71.46
4930,-40
4931,-20.79
4932,-40
4933,-42.54
4934,-40
4935,7.38
4936,30.54
4937,50.98
4938,290.23
4939,310.29
4940,299.73
4941,302.11
4942,171.79
4943,125.85
4944,144.76
4945,111.47
4946,92.33
4947,84.7
4948,84.3
4949,68.64
4950,87.09
4951,94.75
4952,295.17
4953,87.47
4954,-2.02
4955,-40
4956,-40
4957,0
4958,17.81
4959,25
4960,13.03
4961,47.23
4962,263.07
4963,297.12
4964,278.34
4965,135.8
4966,135.65
4967,64.32
4968,89.99
4969,88.72
4970,62.73
4971,83.59
4972,65.76
4973,60.79
4974,82.73
4975,66.91
4976,311.18
4977,60.64
4978,50.99
4979,18.84
4980,-22.71
4981,-35.15
4982,-15.11
4983,-40
4984,52.55
4985,123.53
4986,146.12
4987,154.62
4988,147.9
4989,125.17
4990,99.53
4991,86.91
4992,55.96
4993,67.2
4994,66.09
4995,60.86
4996,60.94
4997,59.53
4998,66.8
4999,93.88
5000,111.26
5001,60.74
5002,18.84
5003,-2.02
5004,-40
5005,-40
5006,-2.02
5007,0
5008,29.34
5009,50.92
5010,145.2
5011,254.14
5012,145.16
5013,124.55
5014,118.98
5015,86.6
5016,89.4
5017,86.95
5018,119.67
5019,84.52
5020,116.83
5021,87.96
5022,65.76
5023,87.47
5024,116.51
5025,30.54
5026,0
5027,-36.88
5028,-43.93
5029,-40.6
5030,-40
5031,-40
5032,28.55
5033,22.55
5034,59.53
5035,181.75
5036,69.86
5037,59.53
5038,99.53
5039,64
5040,88.08
5041,65.76
5042,64.16
5043,53.73
5044,59.55
5045,52.55
5046,53.6
5047,60.96
5048,86.66
5049,23.88
5050,-2.02
5051,-40.6
5052,-45.06
5053,-55
5054,-55
5055,-40
5056,24.57
5057,42
5058,59.53
5059,121.75
5060,89.53
5061,93.29
5062,73.12
5063,54.81
5064,58.89
5065,79.11
5066,56.39
5067,86.82
5068,56.67
5069,56.33
5070,61.28
5071,87.47
5072,203.27
5073,65.76
5074,10.98
5075,0
5076,-40
5077,-40
5078,-40
5079,-2.02
5080,23.88
5081,59.73
5082,94.75
5083,203.19
5084,84.07
5085,99.53
5086,94.75
5087,61.73
5088,66.58
5089,83.79
5090,79.62
5091,84.61
5092,56.45
5093,65.76
5094,56.68
5095,70.34
5096,121.75
5097,25
5098,-20.48
5099,-41.45
5100,-55
5101,-65
5102,-50.01
5103,-41.82
5104,-40
5105,0
5106,261.36
5107,10150.56
5108,243.01
5109,260.59
5110,139.32
5111,131.2
5112,99.53
5113,101.79
5114,83.06
5115,65.76
5116,59.53
5117,65.76
5118,77.82
5119,135.18
5120,290.37
5121,58.13
5122,-20.79
5123,0
5124,-10.39
5125,-2.02
5126,18.84
5127,0
5128,30.54
5129,38.75
5130,114.91
5131,148.3
5132,84.18
5133,121.17
5134,115.75
5135,134.9
5136,113.26
5137,94.75
5138,94.75
5139,95.59
5140,86.39
5141,51.24
5142,54.5
5143,60.74
5144,140.73
5145,-37
5146,-40
5147,-40.76
5148,-40
5149,-44.76
5150,-40
5151,-40
5152,0
5153,38.75
5154,133.01
5155,145.2
5156,131.59
5157,125.73
5158,94.75
5159,60.24
5160,57.99
5161,85.71
5162,55.22
5163,53.75
5164,53.59
5165,54.71
5166,65.76
5167,87.47
5168,130.23
5169,29.61
5170,-38.25
5171,0
5172,0
5173,-35.83
5174,-40.6
5175,-40
5176,-23.81
5177,53.26
5178,99.53
5179,99.53
5180,97.46
5181,61.01
5182,65.76
5183,57.86
5184,63.95
5185,65.76
5186,55.08
5187,61.22
5188,51.31
5189,35.65
5190,54.52
5191,65.76
5192,60.65
5193,22.55
5194,-2.02
5195,-40
5196,-40
5197,-45.01
5198,-46.78
5199,-40
5200,0.61
5201,19.37
5202,125.85
5203,116.16
5204,112.56
5205,100.97
5206,99.53
5207,61.67
5208,84.75
5209,82.49
5210,62.45
5211,62.44
5212,56.88
5213,40.06
5214,55.31
5215,65.76
5216,76.82
5217,1
5218,5.3
5219,0
5220,22.55
5221,38.75
5222,50.16
5223,38.06
5224,18.84
5225,47.94
5226,131.43
5227,292.23
5228,142.36
5229,99.53
5230,85.41
5231,64.03
5232,82.6
5233,68.37
5234,63.08
5235,53.75
5236,57.69
5237,58.45
5238,86.84
5239,94.75
5240,148.8
5241,61.73
5242,29.61
5243,-23.81
5244,-23.81
5245,34.02
5246,48.49
5247,58.01
5248,60.1
5249,59.45
5250,88.56
5251,248.17
5252,216.41
5253,133.01
5254,116.46
5255,105.19
5256,89.41
5257,83.54
5258,81.6
5259,79.05
5260,61.55
5261,65.76
5262,65.76
5263,99.53
5264,145.6
5265,77.44
5266,30.54
5267,-20.79
5268,-2.02
5269,0
5270,0
5271,18.84
5272,31.84
5273,50.77
5274,194.01
5275,320.68
5276,143.88
5277,133.01
5278,154
5279,104.69
5280,65.76
5281,61.03
5282,58.27
5283,51.06
5284,51.87
5285,53.53
5286,55.76
5287,87.47
5288,222.52
5289,38.75
5290,-41
5291,-41
5292,-37.23
5293,-41
5294,-41
5295,-41
5296,8.89
5297,19.67
5298,121.73
5299,190.74
5300,94.75
5301,99.53
5302,94.75
5303,90.51
5304,90.87
5305,93.23
5306,87.33
5307,56.93
5308,57.03
5309,58.92
5310,65.76
5311,79.66
5312,160.71
5313,16.73
5314,-40.04
5315,-44.81
5316,-41
5317,-13.6
5318,15.14
5319,-39.54
5320,23.62
5321,32.68
5322,203.54
5323,272.63
5324,135.05
5325,99.09
5326,151.06
5327,90.22
5328,73.72
5329,94.75
5330,61.71
5331,57.59
5332,58.86
5333,61.01
5334,65.49
5335,104.87
5336,277.48
5337,50.31
5338,-2.02
5339,-41
5340,-47.74
5341,-47.36
5342,-47.36
5343,-41
5344,22.55
5345,46.2
5346,121.75
5347,115.75
5348,88.6
5349,94.75
5350,66.18
5351,66.72
5352,94.75
5353,91.27
5354,60.91
5355,52.94
5356,59.6
5357,61.21
5358,56.74
5359,55.29
5360,65.74
5361,-2.02
5362,-41
5363,-47.36
5364,-47.74
5365,-55
5366,-46.06
5367,-37
5368,0
5369,0.61
5370,133.01
5371,197.43
5372,111.51
5373,99.53
5374,136.53
5375,75.42
5376,106.22
5377,72.94
5378,74.43
5379,67.17
5380,60.46
5381,61.3
5382,62.48
5383,64.11
5384,62.77
5385,0
5386,-41
5387,-47.36
5388,-55
5389,-53
5390,-55
5391,-47.74
5392,-45.06
5393,56.28
5394,241.94
5395,298.21
5396,135.88
5397,133.87
5398,124.65
5399,72
5400,122.66
5401,82.56
5402,81.05
5403,62.73
5404,59.55
5405,58.24
5406,69.97
5407,139.02
5408,295.55
5409,0
5410,-2.02
5411,-41
5412,-47.36
5413,-45.06
5414,-45.06
5415,-45.06
5416,-41
5417,148.76
5418,228.12
5419,353.05
5420,260.78
5421,269
5422,145.2
5423,145.42
5424,160.88
5425,185.85
5426,134.36
5427,101.48
5428,76.15
5429,63.99
5430,65.73
5431,108.25
5432,277.81
5433,0
5434,0
5435,-41
5436,-41
5437,-32.87
5438,0
5439,18.84
5440,0
5441,0
5442,99.53
5443,1577.65
5444,183.88
5445,261.29
5446,183.88
5447,111.8
5448,103.61
5449,116.38
5450,99.53
5451,100.7
5452,101.66
5453,102.26
5454,136.56
5455,291.42
5456,304.6
5457,52.55
5458,-10
5459,-41.29
5460,-41
5461,-41
5462,-41
5463,-40.6
5464,30.54
5465,56.02
5466,290
5467,328.52
5468,195.05
5469,145.2
5470,162.1
5471,94.26
5472,123.76
5473,91.57
5474,99.53
5475,81.91
5476,83.75
5477,78.47
5478,84.68
5479,87.14
5480,121.75
5481,62.73
5482,53.15
5483,52.55
5484,34.01
5485,-17.75
5486,15
5487,-10
5488,57.09
5489,268.96
5490,121.75
5491,383.55
5492,178.62
5493,145.2
5494,99.53
5495,99.53
5496,119.29
5497,99.53
5498,81.73
5499,62.73
5500,59.4
5501,58.14
5502,59.55
5503,63.52
5504,122.1
5505,114.74
5506,58.79
5507,58.45
5508,65.76
5509,-2.02
5510,-37.81
5511,-41
5512,-2.02
5513,34.04
5514,70.55
5515,195.02
5516,112.24
5517,90.42
5518,74.95
5519,63
5520,62.88
5521,61.84
5522,59.73
5523,61.73
5524,61.39
5525,60.84
5526,60.98
5527,62.25
5528,57.98
5529,-20.79
5530,-44.51
5531,-53
5532,-56.01
5533,-56
5534,-56.12
5535,-55
5536,-44.76
5537,-39.66
5538,60.69
5539,115.96
5540,89.35
5541,78.96
5542,86.73
5543,58.99
5544,61.54
5545,58.24
5546,58.97
5547,58.51
5548,59.23
5549,53.75
5550,59.73
5551,60.79
5552,53.75
5553,0
5554,-41
5555,-41.29
5556,-47.36
5557,-47.36
5558,-45.36
5559,-48.42
5560,-35.73
5561,0.11
5562,65.76
5563,264.68
5564,175
5565,190.05
5566,141.5
5567,71.49
5568,102.35
5569,100.24
5570,94.75
5571,77.34
5572,63.36
5573,59.04
5574,98.23
5575,145.2
5576,98.23
5577,-10.26
5578,-40.6
5579,-47
5580,-41
5581,-41
5582,-38.74
5583,-40.6
5584,-23.81
5585,22.55
5586,98.23
5587,212.86
5588,192.76
5589,200.35
5590,149.01
5591,94.75
5592,99.53
5593,92.18
5594,76.92
5595,64
5596,62.73
5597,59.79
5598,63.47
5599,98.23
5600,88.43
5601,-10.26
5602,-41
5603,-45.06
5604,-41
5605,-41
5606,22.55
5607,34.02
5608,-20.79
5609,48.9
5610,145.2
5611,300.68
5612,168.66
5613,115.74
5614,112.01
5615,103.84
5616,76.37
5617,94.75
5618,55.07
5619,56.8
5620,55.87
5621,57.04
5622,59.7
5623,88.02
5624,158.67
5625,23.94
5626,-10.4
5627,-41
5628,-45.06
5629,-47.36
5630,-41.29
5631,-2.02
5632,0
5633,0
5634,144.01
5635,271.85
5636,177.28
5637,135.72
5638,112.22
5639,91.51
5640,72.61
5641,71.83
5642,94.75
5643,64
5644,54.16
5645,53.75
5646,72.29
5647,112.28
5648,97.01
5649,-20.79
5650,-47
5651,-47
5652,-44.76
5653,-40.6
5654,-41
5655,-41
5656,0
5657,0
5658,65.76
5659,293.52
5660,166
5661,99.53
5662,96.89
5663,71.22
5664,62.47
5665,64
5666,65.76
5667,53.07
5668,52.99
5669,52.51
5670,69.01
5671,133.52
5672,117.48
5673,30.54
5674,-40.6
5675,-41
5676,-41
5677,-34
5678,-40.6
5679,-34
5680,-34
5681,18.84
5682,87.51
5683,189.63
5684,144.53
5685,124.05
5686,104.7
5687,74.5
5688,87.77
5689,89.09
5690,94.75
5691,53.75
5692,53.75
5693,53.75
5694,59.73
5695,97.11
5696,51.28
5697,-23.82
5698,-23.82
5699,-20.79
5700,-23.82
5701,-23.82
5702,-23.82
5703,-47
5704,-23.82
5705,0
5706,77.08
5707,153.37
5708,103.89
5709,78.4
5710,73.31
5711,67.72
5712,72.71
5713,62.73
5714,53.75
5715,53.75
5716,65.76
5717,62.61
5718,72.51
5719,76.6
5720,58.99
5721,-40.6
5722,-45.06
5723,-47.74
5724,-44.76
5725,-44.76
5726,-45.06
5727,-45.06
5728,-40.6
5729,18.84
5730,73.88
5731,258.06
5732,149.09
5733,105.53
5734,79.19
5735,63.61
5736,74.81
5737,81.66
5738,65.76
5739,72.55
5740,71.76
5741,94.75
5742,94.75
5743,116.68
5744,139.01
5745,-2.02
5746,-23.82
5747,-45.06
5748,-41
5749,-40.6
5750,-20.79
5751,18.29
5752,6.19
5753,59.87
5754,174.41
5755,293.74
5756,152.7
5757,155.11
5758,145.2
5759,94.7
5760,60.43
5761,73.3
5762,59.84
5763,55.03
5764,54.72
5765,41.46
5766,58.22
5767,83.84
5768,106.55
5769,22.08
5770,-23.82
5771,-23.82
5772,-10.5
5773,-23.82
5774,-20.5
5775,22.55
5776,-2.02
5777,9.18
5778,83.41
5779,202.81
5780,156.74
5781,112.99
5782,81.34
5783,59.53
5784,78.86
5785,79.83
5786,65.76
5787,53.75
5788,77.51
5789,50.17
5790,53.75
5791,83.94
5792,63.83
5793,-23.81
5794,-40.6
5795,-23.82
5796,-23.82
5797,-2.02
5798,0
5799,76.06
5800,60.5
5801,77.29
5802,200.48
5803,192.76
5804,146.28
5805,115.74
5806,109.63
5807,64.23
5808,74.05
5809,72.19
5810,59.26
5811,65.76
5812,57.12
5813,53.75
5814,64.53
5815,77.32
5816,117.69
5817,22.55
5818,-41.29
5819,-47.36
5820,-47.36
5821,-48.8
5822,-40.6
5823,-23.81
5824,-2.02
5825,-2.02
5826,67.73
5827,105.53
5828,96.3
5829,115.97
5830,97.03
5831,79.04
5832,66.94
5833,73.39
5834,72.58
5835,82.28
5836,61.38
5837,60.27
5838,61.73
5839,78.71
5840,98.21
5841,-20.79
5842,-47
5843,-48.8
5844,-48.8
5845,-49.51
5846,-47.36
5847,-41.29
5848,-23.82
5849,-23.81
5850,105.53
5851,275.55
5852,199.74
5853,192.09
5854,145.2
5855,84.65
5856,83.34
5857,121.75
5858,65.76
5859,62.73
5860,62.73
5861,62.73
5862,65.76
5863,94.75
5864,51.11
5865,-23.82
5866,-41
5867,-45.06
5868,-41
5869,-41.29
5870,-47
5871,-40.6
5872,-23.82
5873,18.84
5874,126.45
5875,204.7
5876,164.68
5877,149.26
5878,114.4
5879,75.47
5880,98.23
5881,64.25
5882,64.34
5883,72.1
5884,73.26
5885,65.76
5886,56.6
5887,75.89
5888,38.75
5889,-20.79
5890,-23.82
5891,-45.06
5892,-47.36
5893,-47.74
5894,-48.8
5895,-46.47
5896,8.81
5897,27.55
5898,107.95
5899,131.21
5900,94.75
5901,85
5902,75.08
5903,70.44
5904,58.06
5905,59.62
5906,81.8
5907,61.27
5908,60.8
5909,89.43
5910,79.84
5911,70
5912,85.61
5913,52.55
5914,52.59
5915,18.84
5916,22.55
5917,-2.02
5918,15
5919,29.61
5920,0
5921,65.76
5922,139.01
5923,264.01
5924,170.66
5925,145.22
5926,100.43
5927,97.26
5928,66.48
5929,78.1
5930,67.76
5931,40.96
5932,35.32
5933,38.75
5934,53.75
5935,65.76
5936,53.75
5937,-10
5938,-40.6
5939,-44.22
5940,-60.18
5941,-55
5942,-55
5943,-53.85
5944,-40.6
5945,-16.04
5946,73.91
5947,194.01
5948,220.19
5949,115.74
5950,141.06
5951,94.76
5952,94.75
5953,89.44
5954,80.24
5955,87.33
5956,87.66
5957,65.76
5958,91.73
5959,88.41
5960,87.77
5961,50.3
5962,-2.02
5963,-25.85
5964,-23.82
5965,-20.79
5966,18.84
5967,9.44
5968,-23.82
5969,31.31
5970,148.85
5971,222.15
5972,184.5
5973,116.27
5974,194.01
5975,86.16
5976,89.01
5977,89.23
5978,65.76
5979,61.73
5980,80.61
5981,83.35
5982,72.95
5983,86.72
5984,60.01
5985,29.75
5986,53.75
5987,-23.82
5988,-10
5989,-23.82
5990,-23.82
5991,-23.82
5992,0.9
5993,68.66
5994,92.69
5995,264.01
5996,65.76
5997,65.76
5998,65.29
5999,40.48
6000,64.54
6001,53.75
6002,38.75
6003,36.33
6004,60.59
6005,56.25
6006,60.55
6007,59.73
6008,45.51
6009,39.03
6010,53.75
6011,29.61
6012,0.61
6013,22.55
6014,8.9
6015,-47.36
6016,18.84
6017,22.55
6018,76.79
6019,106.2
6020,100.6
6021,65.18
6022,59.73
6023,59.73
6024,58.36
6025,55.4
6026,55.42
6027,38.75
6028,51.87
6029,51.49
6030,52.26
6031,53.75
6032,29.05
6033,-10
6034,-50
6035,-48.8
6036,-47.36
6037,-48.29
6038,-45.06
6039,-47.68
6040,-50.07
6041,5.3
6042,65.25
6043,182.64
6044,153.99
6045,93.75
6046,90.16
6047,94.14
6048,98.38
6049,92.77
6050,94.75
6051,53.75
6052,65.76
6053,75.42
6054,57.3
6055,68.72
6056,29.93
6057,-23.82
6058,-47
6059,-47.36
6060,-23.82
6061,-10
6062,-10
6063,51.82
6064,0
6065,8.78
6066,68.17
6067,218.13
6068,161.14
6069,93.31
6070,69.37
6071,76.01
6072,73.09
6073,76.42
6074,75.46
6075,65.76
6076,59.73
6077,77.44
6078,92.53
6079,87.35
6080,70.44
6081,-4
6082,-23.82
6083,-23.82
6084,-2.02
6085,20.4
6086,22.55
6087,-2.02
6088,-2.02
6089,8.13
6090,115.74
6091,278.31
6092,262.91
6093,148.96
6094,113.16
6095,99.32
6096,94.75
6097,94.77
6098,87.47
6099,85.69
6100,92.67
6101,61.73
6102,104.02
6103,114.33
6104,94.3
6105,-20.31
6106,-23.82
6107,-23.82
6108,-20.79
6109,-10.5
6110,-2.02
6111,-23.82
6112,18.84
6113,-20.79
6114,96.01
6115,155.4
6116,122.7
6117,140.43
6118,135.01
6119,92.4
6120,103.79
6121,101.33
6122,96.88
6123,61.73
6124,79.08
6125,80.19
6126,85.46
6127,184.91
6128,83.81
6129,0
6130,-45.06
6131,-47.36
6132,-44.76
6133,-44.46
6134,42.57
6135,22.55
6136,8.77
6137,31.4
6138,163.9
6139,187.61
6140,172.77
6141,96.86
6142,97.23
6143,96.94
6144,82.42
6145,80.4
6146,65.76
6147,59.73
6148,59.73
6149,59.73
6150,58.21
6151,88.81
6152,34.03
6153,-4
6154,-40.6
6155,-41.29
6156,-41.29
6157,-44.76
6158,-20.31
6159,-10
6160,-23.82
6161,-10.5
6162,82.66
6163,200.12
6164,96.01
6165,87.62
6166,65.76
6167,78.56
6168,78.11
6169,56.74
6170,59.73
6171,52.55
6172,54.27
6173,53.8
6174,41.75
6175,68.9
6176,34.32
6177,-23.82
6178,-47
6179,-41.29
6180,-45.06
6181,-47.36
6182,-54.17
6183,-23.82
6184,-41.29
6185,-38.02
6186,41.06
6187,153.81
6188,89.14
6189,62.31
6190,65.76
6191,76.46
6192,65.76
6193,52.89
6194,56.02
6195,51.64
6196,53.75
6197,52.55
6198,53.75
6199,59.55
6200,-23.82
6201,-49.51
6202,-56.92
6203,-57.34
6204,-70.64
6205,-61.37
6206,-59.95
6207,-56.12
6208,-47.36
6209,-23.82
6210,138.99
6211,151.77
6212,76.75
6213,65.76
6214,61.78
6215,65.74
6216,87.56
6217,89.31
6218,65.76
6219,65.76
6220,53.75
6221,61.17
6222,59.73
6223,52.55
6224,-23.82
6225,-41.71
6226,-47.97
6227,-56.12
6228,-59.09
6229,-67.35
6230,-55
6231,-48.56
6232,-40.6
6233,-10.5
6234,89.53
6235,213.23
6236,96.44
6237,91.32
6238,68.18
6239,59.53
6240,65.93
6241,66.89
6242,61.73
6243,55.09
6244,65.76
6245,56.82
6246,59.73
6247,76.57
6248,28.76
6249,-23.82
6250,-23.82
6251,-41.29
6252,-45.06
6253,-47.36
6254,-45.06
6255,-45.06
6256,-23.82
6257,22.55
6258,181.14
6259,309.83
6260,154.09
6261,99.2
6262,89.53
6263,76.8
6264,94.75
6265,94.73
6266,81.77
6267,62.73
6268,56.67
6269,57
6270,52.55
6271,74.69
6272,30.54
6273,7.8
6274,-23.82
6275,0.61
6276,-23.82
6277,-23.82
6278,-23.82
6279,-1.36
6280,28.89
6281,0
6282,138.98
6283,156.15
6284,89.53
6285,73.74
6286,68.51
6287,52.55
6288,61.54
6289,65.76
6290,69.52
6291,52.55
6292,52.62
6293,59.97
6294,62.97
6295,65.76
6296,18.84
6297,-20.27
6298,-23.82
6299,-47.36
6300,-23.82
6301,-20.79
6302,-20.27
6303,-23.82
6304,-2.02
6305,10.77
6306,115.5
6307,115.75
6308,115.75
6309,65.76
6310,65.76
6311,59.53
6312,58.69
6313,59.73
6314,59.73
6315,52.55
6316,53.75
6317,57.73
6318,65.76
6319,70.52
6320,34.06
6321,-10.5
6322,-23.82
6323,-44.76
6324,-44.76
6325,-44.76
6326,-41.29
6327,-20.79
6328,-10
6329,43.68
6330,83.24
6331,263.01
6332,190.74
6333,87.5
6334,74.99
6335,65
6336,65.76
6337,65.17
6338,64.36
6339,53.75
6340,34.06
6341,54.8
6342,65.76
6343,74.4
6344,30.54
6345,-2.02
6346,0
6347,-20.79
6348,0
6349,-20.31
6350,-2.02
6351,-20.31
6352,-20.31
6353,7.64
6354,69.95
6355,135.54
6356,75.46
6357,74.99
6358,72.83
6359,65.3
6360,81.78
6361,74.85
6362,61.73
6363,56.22
6364,52.55
6365,52.55
6366,54.18
6367,54.35
6368,-23.82
6369,-23.82
6370,-23.82
6371,-23.82
6372,-36.78
6373,-23.82
6374,-23.82
6375,-23.82
6376,-45.06
6377,-23.82
6378,53.75
6379,138.98
6380,70.12
6381,62.73
6382,65.76
6383,54.67
6384,62.72
6385,58.85
6386,52.55
6387,54.99
6388,52.55
6389,50.42
6390,50.01
6391,36.27
6392,-23.82
6393,-23.82
6394,-23.82
6395,-45.06
6396,-47.36
6397,-52.6
6398,-53.37
6399,-47.36
6400,-41.51
6401,0
6402,59.53
6403,178.33
6404,108.37
6405,65.76
6406,65.76
6407,44.2
6408,76.71
6409,57.42
6410,51.8
6411,52.43
6412,46.73
6413,41.16
6414,61.73
6415,62.8
6416,-23.82
6417,-20.79
6418,-20.79
6419,-20.79
6420,-41.29
6421,-45.06
6422,-47.36
6423,-40.6
6424,-45.06
6425,-20.79
6426,83.48
6427,217.74
6428,81.38
6429,65.76
6430,64.55
6431,61.47
6432,64.55
6433,62.73
6434,59.73
6435,61.73
6436,59.73
6437,58.64
6438,65.76
6439,68.57
6440,-23.82
6441,-23.82
6442,-44.76
6443,-47.74
6444,-47.36
6445,-47.74
6446,-45.06
6447,-41.29
6448,-50
6449,-23.82
6450,38.75
6451,183.58
6452,121.31
6453,123.42
6454,104.51
6455,66.6
6456,81.44
6457,73.75
6458,75.64
6459,65.56
6460,60.41
6461,52.55
6462,64.34
6463,59.37
6464,30.54
6465,-47.74
6466,-48.8
6467,-55
6468,-55
6469,-55
6470,-44.58
6471,-23.82
6472,-10
6473,61.73
6474,70.66
6475,156.89
6476,127.15
6477,89.5
6478,68.03
6479,65.47
6480,65.76
6481,70.86
6482,61.73
6483,59.73
6484,55.39
6485,59.73
6486,65.62
6487,67.63
6488,32.66
6489,-45.06
6490,-55
6491,-50
6492,-53
6493,-44.76
6494,-10
6495,23.55
6496,34.06
6497,29.55
6498,52.75
6499,111.01
6500,123.91
6501,85.08
6502,97.52
6503,106.95
6504,66.29
6505,65.76
6506,88.46
6507,66.43
6508,61.73
6509,52.55
6510,53.8
6511,64.43
6512,-23.82
6513,-46.14
6514,-23.82
6515,-23.82
6516,-45.81
6517,-46.52
6518,-43.1
6519,-45.06
6520,-23.82
6521,54.14
6522,74.99
6523,153.83
6524,84.36
6525,64.1
6526,63.61
6527,62.72
6528,75.81
6529,77.39
6530,52.75
6531,55.43
6532,52.75
6533,54.3
6534,52.55
6535,86.46
6536,-41.29
6537,-47.74
6538,-50.01
6539,-52.61
6540,-54
6541,-55
6542,-46.78
6543,-45.06
6544,-20.8
6545,-20.79
6546,72.33
6547,137.98
6548,69.03
6549,59.67
6550,58.55
6551,55.84
6552,59.75
6553,57.91
6554,56.14
6555,52.18
6556,34.04
6557,34.05
6558,36.42
6559,34.04
6560,-48.8
6561,-49.51
6562,-56.12
6563,-56.92
6564,-68.54
6565,-56.12
6566,-54
6567,-45.06
6568,-41.29
6569,-10.5
6570,55.21
6571,62.68
6572,61.11
6573,59.53
6574,58.92
6575,59.53
6576,60.02
6577,58.18
6578,52.75
6579,51.98
6580,52.55
6581,49.4
6582,57.1
6583,53.83
6584,-20.8
6585,-47.74
6586,-45.06
6587,-46.52
6588,-50.44
6589,-53.24
6590,-40.6
6591,-47.74
6592,-20.8
6593,23.55
6594,63.74
6595,96.01
6596,70.41
6597,63.44
6598,61.73
6599,60.76
6600,58.12
6601,59.76
6602,52.75
6603,56.86
6604,55.68
6605,56.58
6606,54
6607,59.74
6608,25.8
6609,-20.8
6610,-20.31
6611,-20.8
6612,-40.6
6613,-41.29
6614,-20.8
6615,-20.31
6616,0
6617,34.05
6618,169.75
6619,333.28
6620,155.61
6621,68.38
6622,63.75
6623,64.32
6624,60.5
6625,64
6626,62.73
6627,63.88
6628,62.73
6629,61.73
6630,65.94
6631,101.89
6632,57.3
6633,18.84
6634,-20.79
6635,23.55
6636,-18.3
6637,-2.02
6638,22.55
6639,-18.3
6640,59.47
6641,57.08
6642,110.87
6643,122.41
6644,184.21
6645,194.01
6646,65.91
6647,62.73
6648,65.76
6649,61.73
6650,61.73
6651,53.72
6652,52.75
6653,52.55
6654,69.56
6655,67.64
6656,56.75
6657,49.6
6658,-2.02
6659,-20.8
6660,-44.76
6661,-46.52
6662,-20.8
6663,-20.8
6664,0
6665,0
6666,61.48
6667,145.2
6668,99.32
6669,89.5
6670,194.01
6671,60.01
6672,59.74
6673,59.5
6674,53.72
6675,54.36
6676,53.73
6677,59.81
6678,62.73
6679,61.54
6680,-2.02
6681,-20.8
6682,-20.8
6683,-20.8
6684,-20.8
6685,-40.6
6686,-45.06
6687,-41.29
6688,-40.6
6689,-20.8
6690,63
6691,99.32
6692,69.27
6693,64.9
6694,62.34
6695,57.03
6696,57.21
6697,57.77
6698,59.25
6699,59.5
6700,54.91
6701,59.11
6702,60.09
6703,57.18
6704,-10.39
6705,-20.79
6706,-20.8
6707,-19.62
6708,0
6709,-2.02
6710,23.55
6711,0
6712,9.49
6713,0
6714,63
6715,110.83
6716,81.47
6717,63.53
6718,62.79
6719,62.45
6720,66.29
6721,61.44
6722,58.98
6723,58.73
6724,58.24
6725,59.13
6726,59.73
6727,52.75
6728,-20.79
6729,-45.06
6730,-46.52
6731,-46.52
6732,-45.06
6733,-20.3
6734,-20.8
6735,-20.8
6736,18.84
6737,0.02
6738,60.86
6739,116.64
6740,98.4
6741,78
6742,61.64
6743,59.47
6744,65.76
6745,61.73
6746,58.95
6747,52.75
6748,54.61
6749,55.17
6750,63.73
6751,59.44
6752,-2.02
6753,-45.06
6754,-41.92
6755,-42.47
6756,-41.29
6757,-40.6
6758,-20.8
6759,-20.79
6760,0.02
6761,-2.02
6762,57.35
6763,138.61
6764,106.65
6765,87.57
6766,61.22
6767,61.15
6768,61.74
6769,65.76
6770,65.76
6771,59.4
6772,56.58
6773,66.34
6774,85.47
6775,76.5
6776,18.84
6777,-41.29
6778,-46.52
6779,-52.11
6780,-51.5
6781,-47.74
6782,-20.8
6783,-20.8
6784,-20.8
6785,23.55
6786,98.53
6787,182.37
6788,149.73
6789,87.75
6790,67.35
6791,64
6792,62.18
6793,65.76
6794,56.59
6795,58.44
6796,55.48
6797,58.32
6798,58.32
6799,61.54
6800,52.3
6801,-2.02
6802,-45.06
6803,-49.01
6804,-51.61
6805,-47.74
6806,-46.52
6807,-45.5
6808,-20.8
6809,23.55
6810,65.76
6811,315.33
6812,92.62
6813,67.72
6814,63.02
6815,59.27
6816,56.23
6817,54.38
6818,52.4
6819,52.33
6820,49.26
6821,52.35
6822,53.44
6823,43.9
6824,-20.8
6825,-47.74
6826,-48.72
6827,-49.93
6828,-52.11
6829,-50.01
6830,-47.74
6831,-46.52
6832,-45.06
6833,0
6834,69.7
6835,89.53
6836,68.99
6837,65.76
6838,61.92
6839,57.91
6840,38.27
6841,54.32
6842,29.55
6843,31.17
6844,34.76
6845,54.17
6846,59.73
6847,52.75
6848,0.02
6849,-45.06
6850,-47.74
6851,-50
6852,-47.74
6853,-43.71
6854,-50.6
6855,-46.52
6856,-2.02
6857,-10.5
6858,40.24
6859,67.76
6860,65.76
6861,39.39
6862,52.75
6863,57.29
6864,58.93
6865,57.16
6866,57.77
6867,53.34
6868,54.98
6869,59.13
6870,55.99
6871,29.55
6872,-31.45
6873,-40.6
6874,-47.74
6875,-53.83
6876,-54
6877,-50
6878,-45.06
6879,-46.14
6880,-34
6881,-2.02
6882,38.75
6883,65.76
6884,68.15
6885,62.01
6886,56.27
6887,60.98
6888,59.67
6889,61.73
6890,59.73
6891,56.47
6892,52.55
6893,52.75
6894,56.04
6895,28.85
6896,-20.8
6897,-41.29
6898,-46.52
6899,-47.74
6900,-47.74
6901,-49.93
6902,-44.39
6903,-46.52
6904,-20.48
6905,9.57
6906,62.8
6907,263.01
6908,124.98
6909,74.82
6910,61.61
6911,61.09
6912,61.73
6913,58.84
6914,58.42
6915,57.18
6916,54.11
6917,54.86
6918,60.26
6919,56
6920,-2.02
6921,-10.4
6922,-42.68
6923,-46.52
6924,-45.06
6925,-20.8
6926,-2.02
6927,36.71
6928,-18.3
6929,57.97
6930,39.59
6931,112.7
6932,83.26
6933,64.49
6934,60.46
6935,49.12
6936,59.73
6937,59.19
6938,59.73
6939,59.99
6940,59.73
6941,59.73
6942,62.73
6943,58.75
6944,0
6945,-20.8
6946,-20.8
6947,-20.8
6948,-20.8
6949,-40.6
6950,-20.8
6951,-20.8
6952,-18.3
6953,23.55
6954,57.98
6955,138.65
6956,104.54
6957,80.82
6958,61.73
6959,62.95
6960,59
6961,59.73
6962,58.29
6963,55.24
6964,52.75
6965,55.34
6966,56.57
6967,67.49
6968,36.73
6969,8.63
6970,8.47
6971,-2.02
6972,0.01
6973,0
6974,0
6975,21.3
6976,23.55
6977,50.95
6978,116.5
6979,271.96
6980,235.79
6981,134.79
6982,98.89
6983,88.41
6984,83.23
6985,62.73
6986,61.56
6987,60.36
6988,50.76
6989,55.6
6990,57
6991,50.29
6992,18.84
6993,-2.02
6994,-15.84
6995,0
6996,-2.02
6997,-18.3
6998,-20.8
6999,-20.8
7000,0
7001,9.54
7002,59.53
7003,304.03
7004,153.06
7005,128.12
7006,83.23
7007,70.73
7008,65.76
7009,65.76
7010,61.73
7011,55.29
7012,58.42
7013,57.2
7014,61.16
7015,52.65
7016,13.44
7017,-20.8
7018,-20.8
7019,-20.8
7020,-20.8
7021,-35
7022,-21.88
7023,-20.8
7024,0
7025,29.55
7026,48.05
7027,97.88
7028,66.46
7029,65.76
7030,66.72
7031,53.83
7032,61.73
7033,62.92
7034,54.17
7035,52.55
7036,52.75
7037,55.13
7038,52.75
7039,44.81
7040,-29.5
7041,-45.5
7042,-45.06
7043,-47.74
7044,-47.74
7045,-51.01
7046,-41.92
7047,-26.8
7048,-20.8
7049,45.44
7050,50.47
7051,264.01
7052,621
7053,63.55
7054,61.73
7055,59.56
7056,58.27
7057,56.36
7058,50.63
7059,35.9
7060,35.42
7061,35.15
7062,29.55
7063,0.02
7064,-35
7065,-40.6
7066,-46.52
7067,-50
7068,-50.83
7069,-47.74
7070,-49.51
7071,-41.85
7072,0
7073,-2.02
7074,38.75
7075,110.7
7076,109.21
7077,65.76
7078,55.84
7079,54.3
7080,57.76
7081,59.73
7082,53.29
7083,52.55
7084,51.68
7085,60.84
7086,58.99
7087,52.75
7088,4.59
7089,-20.8
7090,-34
7091,-40.6
7092,-40.6
7093,-40.6
7094,-34
7095,-20.45
7096,0
7097,29.55
7098,81.32
7099,137.7
7100,112.53
7101,69.16
7102,59.53
7103,59.77
7104,58.3
7105,63.56
7106,87.64
7107,65.76
7108,59.73
7109,65.76
7110,65.76
7111,50.47
7112,4.14
7113,-20.45
7114,-45.06
7115,-43.03
7116,-46.52
7117,-45.06
7118,-26.8
7119,-2.02
7120,0
7121,30.9
7122,60.5
7123,146.92
7124,77.77
7125,69.21
7126,61.73
7127,36.96
7128,57.75
7129,52.75
7130,53.72
7131,52.75
7132,54.81
7133,37.1
7134,52.75
7135,54.56
7136,23.49
7137,-20.46
7138,-45.06
7139,-47.74
7140,-51.01
7141,-45.06
7142,-20.8
7143,-26.8
7144,-10
7145,18.84
7146,57.65
7147,96.01
7148,89.53
7149,99.32
7150,68.92
7151,59.53
7152,59.21
7153,65.76
7154,61.78
7155,57.96
7156,65.76
7157,60.84
7158,65.76
7159,57.1
7160,56.07
7161,0
7162,-2.02
7163,4.56
7164,-2.02
7165,-10.5
7166,0
7167,76.38
7168,48.51
7169,115.41
7170,138.98
7171,94.75
7172,83.23
7173,68.72
7174,65.75
7175,56.82
7176,60.77
7177,65.76
7178,54.59
7179,60
7180,65.76
7181,52.75
7182,67.18
7183,51.29
7184,54.35
7185,18.84
7186,-20.8
7187,5.3
7188,-26.8
7189,-36.49
7190,-40.9
7191,0
7192,-39
7193,-18.3
7194,30.33
7195,138.98
7196,105.48
7197,77.45
7198,67.36
7199,58.37
7200,67.72
7201,61.73
7202,57.5
7203,65.76
7204,53.73
7205,52.55
7206,53.9
7207,9.4
7208,-20.48
7209,-45.57
7210,-47.74
7211,-46.25
7212,-46.25
7213,-46.25
7214,-46.25
7215,-43.16
7216,-46.25
7217,18.84
7218,45.37
7219,95.92
7220,64.09
7221,58.88
7222,78.52
7223,55.76
7224,80.59
7225,77.06
7226,61.75
7227,59.73
7228,59.73
7229,50.89
7230,53.74
7231,29.55
7232,-26.8
7233,-41.57
7234,-43.01
7235,-46.94
7236,-50
7237,-48
7238,-51
7239,-44.38
7240,-20.8
7241,-2.02
7242,59.73
7243,131.73
7244,137.25
7245,82.72
7246,96.01
7247,59.73
7248,59.68
7249,57.08
7250,55.47
7251,59.73
7252,55.72
7253,52.75
7254,55.21
7255,43.75
7256,0
7257,-38.23
7258,-46.52
7259,-51
7260,-50
7261,-51.51
7262,-39.14
7263,-20.8
7264,-15.84
7265,0
7266,84.78
7267,124.67
7268,112.53
7269,93.77
7270,59.53
7271,48.92
7272,59.53
7273,59.73
7274,53.73
7275,54.18
7276,52.75
7277,47.77
7278,65.76
7279,49.75
7280,-20.8
7281,-38.33
7282,-47.74
7283,-43.21
7284,-48.58
7285,-48.58
7286,-45.06
7287,-20.48
7288,117.13
7289,61.73
7290,69.85
7291,137.82
7292,240.66
7293,181.78
7294,199.67
7295,65.54
7296,74.38
7297,94.75
7298,62.73
7299,59.73
7300,59.73
7301,61.73
7302,67.34
7303,40.75
7304,56.47
7305,13.83
7306,-26.8
7307,-10
7308,-25.04
7309,-18.05
7310,0.95
7311,56.15
7312,23.55
7313,35.51
7314,52.24
7315,144.36
7316,163.47
7317,97.27
7318,59.53
7319,61.73
7320,58.98
7321,62.73
7322,61.73
7323,55.24
7324,52.75
7325,58.71
7326,72.02
7327,55.06
7328,31.14
7329,-10
7330,-20.8
7331,-20.8
7332,-20.48
7333,21.05
7334,-20.8
7335,-16.1
7336,12.58
7337,0.91
7338,80.57
7339,312.98
7340,96.92
7341,90.78
7342,58.03
7343,61.73
7344,72
7345,97.18
7346,59.43
7347,59.52
7348,59.73
7349,56.82
7350,54.35
7351,67.5
7352,56.94
7353,65.76
7354,47.37
7355,31.24
7356,49.36
7357,22.55
7358,29.97
7359,31.27
7360,33.68
7361,37.07
7362,65.76
7363,82.78
7364,86.66
7365,65.76
7366,52.75
7367,49.63
7368,65.76
7369,61.49
7370,55.98
7371,54.24
7372,56.4
7373,55.17
7374,55.1
7375,10.08
7376,0
7377,-20.8
7378,-2.02
7379,22.55
7380,-10
7381,-20.8
7382,22.55
7383,30.22
7384,22.55
7385,61.73
7386,59.73
7387,38.84
7388,64.55
7389,65.07
7390,62.63
7391,66.72
7392,59.68
7393,84.01
7394,59.73
7395,56.77
7396,52.75
7397,52.75
7398,54.59
7399,23.49
7400,52.69
7401,62.64
7402,57.55
7403,27.96
7404,22.55
7405,30.53
7406,22.55
7407,29.55
7408,34.68
7409,51.36
7410,59.73
7411,87.26
7412,85.57
7413,65.76
7414,60.85
7415,55.51
7416,49.55
7417,59.78
7418,58.44
7419,35.53
7420,35.88
7421,36.24
7422,56.39
7423,55.27
7424,55.75
7425,50.2
7426,29.55
7427,29.55
7428,29.55
7429,59.73
7430,59.73
7431,59.73
7432,53.34
7433,38.75
7434,61.02
7435,110.47
7436,110.46
7437,64.98
7438,59.53
7439,62.55
7440,82.6
7441,79.82
7442,59.73
7443,60.08
7444,66.29
7445,57.63
7446,62.47
7447,31.56
7448,9.34
7449,-15.12
7450,8.36
7451,7.28
7452,-20.8
7453,0
7454,18.84
7455,25.42
7456,29.55
7457,98.12
7458,81.44
7459,115.4
7460,114.68
7461,81.81
7462,78.63
7463,74.47
7464,86.56
7465,74.36
7466,62.73
7467,62.73
7468,61.73
7469,59.73
7470,85.02
7471,54.91
7472,52.17
7473,18.84
7474,29.55
7475,22.55
7476,18.84
7477,-26.8
7478,-2.02
7479,30.75
7480,59.73
7481,89.12
7482,255.95
7483,273.36
7484,288.06
7485,263.01
7486,114.8
7487,114.8
7488,121.61
7489,154.05
7490,94.75
7491,94.85
7492,81.57
7493,102.88
7494,94.21
7495,52.75
7496,-10.4
7497,22.55
7498,-14.5
7499,-2.02
7500,-35
7501,-35
7502,-26.8
7503,-20.48
7504,-2.02
7505,-20.8
7506,114.8
7507,274.81
7508,263.01
7509,146.31
7510,114.75
7511,112.26
7512,82.42
7513,65.76
7514,93.84
7515,94.75
7516,59.71
7517,125.48
7518,114.75
7519,60.86
7520,29.55
7521,6.15
7522,-2.02
7523,29.55
7524,-20.8
7525,-2.02
7526,-35
7527,-2.02
7528,-2.02
7529,23.49
7530,29.55
7531,284.18
7532,185.67
7533,114.8
7534,59.02
7535,63.48
7536,61.74
7537,62.73
7538,53.57
7539,80.14
7540,76.88
7541,59.71
7542,55.51
7543,9.82
7544,-20.8
7545,-26.8
7546,-40.51
7547,-34.86
7548,-38.77
7549,-42.41
7550,-34.67
7551,-20.8
7552,-20.8
7553,-20.8
7554,95.24
7555,98.42
7556,227.94
7557,78.75
7558,78.75
7559,66.97
7560,74.22
7561,74.92
7562,62.73
7563,63.83
7564,78.33
7565,59.73
7566,64.45
7567,6.04
7568,-39.88
7569,-41.25
7570,-45.34
7571,-47.74
7572,-47.02
7573,-46.26
7574,-46.26
7575,-47.74
7576,-38.96
7577,-8.61
7578,98.73
7579,133.01
7580,197.39
7581,105.91
7582,103.36
7583,67.55
7584,86.7
7585,94.75
7586,82.63
7587,94.75
7588,94.75
7589,78.79
7590,94.75
7591,18.84
7592,-8.61
7593,-20.8
7594,-26.8
7595,-35
7596,-26.8
7597,-20.8
7598,-20.8
7599,-20.8
7600,-20.8
7601,0
7602,137.7
7603,145.2
7604,138.98
7605,131.37
7606,165.31
7607,114.7
7608,95.06
7609,83.79
7610,104.43
7611,79.89
7612,95.24
7613,83.07
7614,139.22
7615,23.46
7616,18.84
7617,-2.02
7618,-8.61
7619,-20.8
7620,-20.8
7621,-20.8
7622,-26.8
7623,-20.8
7624,-2.02
7625,0
7626,385
7627,264.01
7628,219
7629,291.61
7630,263.01
7631,291.07
7632,123.11
7633,170.88
7634,119.57
7635,107.11
7636,106.51
7637,121.05
7638,125.23
7639,59.04
7640,23.55
7641,0
7642,0
7643,-8.61
7644,-20.8
7645,-20.8
7646,-2.02
7647,-2.02
7648,23.49
7649,166.41
7650,385
7651,194.01
7652,202.05
7653,262
7654,227.41
7655,138.99
7656,137.75
7657,123.45
7658,124.53
7659,114.75
7660,94.75
7661,81.3
7662,83.97
7663,97.78
7664,67.99
7665,30.71
7666,-20.49
7667,-5.7
7668,-10
7669,4.03
7670,10.07
7671,95.26
7672,88.08
7673,402.73
7674,351.46
7675,193
7676,356.8
7677,250.01
7678,126.7
7679,194.01
7680,250.01
7681,277.24
7682,110.62
7683,93.13
7684,73.83
7685,83.25
7686,122.52
7687,71.84
7688,29.59
7689,32.54
7690,59.73
7691,49.55
7692,28.55
7693,52.75
7694,61.73
7695,33.69
7696,57.24
7697,34.55
7698,114.7
7699,371.1
7700,134.03
7701,67.16
7702,68.93
7703,61.73
7704,62.38
7705,78.75
7706,79.03
7707,73.39
7708,72.07
7709,85.32
7710,78.75
7711,31.75
7712,-20.5
7713,-45.34
7714,-20.5
7715,-39.19
7716,-34.72
7717,-37
7718,-45.09
7719,-20.5
7720,-36.87
7721,-2.02
7722,54.5
7723,282.58
7724,124.35
7725,120.44
7726,94.95
7727,87.17
7728,95.96
7729,84.91
7730,69.96
7731,62.73
7732,65.96
7733,73.27
7734,70.76
7735,31.34
7736,7.37
7737,-20.5
7738,-35
7739,-26.8
7740,-40.6
7741,-13.53
7742,18.84
7743,9.07
7744,59.73
7745,194.01
7746,194.01
7747,199.56
7748,120.98
7749,124.89
7750,98.34
7751,95.24
7752,113.04
7753,103.46
7754,62.73
7755,100.34
7756,62.73
7757,72.03
7758,105.06
7759,104.21
7760,164.45
7761,145.42
7762,90
7763,60.41
7764,98.85
7765,62.1
7766,87.43
7767,73.18
7768,94.04
7769,62.73
7770,63.6
7771,179
7772,181.63
7773,134.84
7774,123.02
7775,133.01
7776,108.11
7777,94.75
7778,98.57
7779,99.45
7780,98.65
7781,96.81
7782,111.26
7783,93.94
7784,59.71
7785,52.67
7786,34.14
7787,49.52
7788,32.16
7789,52.04
7790,32.15
7791,49.55
7792,44.01
7793,51.95
7794,114.7
7795,375.72
7796,247.4
7797,288.66
7798,123.68
7799,83.22
7800,105.34
7801,99.42
7802,61.86
7803,61.73
7804,62.73
7805,63.68
7806,78.75
7807,60.63
7808,87.81
7809,59.83
7810,62.73
7811,61.73
7812,78.75
7813,54.12
7814,51.25
7815,53.5
7816,83.3
7817,138.98
7818,57.75
7819,78.75
7820,141.38
7821,127.64
7822,97.87
7823,62.73
7824,62.73
7825,61.73
7826,62.73
7827,78.75
7828,87.96
7829,91.65
7830,78.75
7831,61.73
7832,89.67
7833,50.61
7834,55.38
7835,48.9
7836,50.94
7837,52.95
7838,32.13
7839,34.55
7840,34.55
7841,61.73
7842,61.79
7843,68.48
7844,102
7845,67.29
7846,61.73
7847,61.73
7848,83.04
7849,78.75
7850,62.73
7851,54.16
7852,58.72
7853,58.87
7854,58.78
7855,77.98
7856,52.75
7857,34.55
7858,34.55
7859,-20.5
7860,52.75
7861,34.55
7862,-2.02
7863,61.73
7864,78.7
7865,98.32
7866,133.01
7867,114.7
7868,108.83
7869,119.97
7870,87.73
7871,58.99
7872,57.41
7873,64
7874,84.96
7875,61.7
7876,61.7
7877,61.6
7878,78.75
7879,52.75
7880,69.15
7881,62.73
7882,80.39
7883,79.94
7884,34.55
7885,55.96
7886,59.73
7887,101.56
7888,84.7
7889,61.7
7890,57.56
7891,92.42
7892,114.7
7893,105.57
7894,85.44
7895,58.98
7896,57.69
7897,59.73
7898,53.53
7899,59.73
7900,59.69
7901,56.96
7902,56.24
7903,0
7904,-8.7
7905,8.75
7906,-20.5
7907,-35.1
7908,-2.02
7909,52.75
7910,23.46
7911,28.55
7912,52.75
7913,-2.02
7914,49.55
7915,73.24
7916,138.98
7917,290.31
7918,62.1
7919,60.42
7920,61.7
7921,59.06
7922,59.73
7923,60.51
7924,55.46
7925,57.82
7926,61.73
7927,53.64
7928,43.85
7929,23.48
7930,36.39
7931,29
7932,35.03
7933,49.55
7934,59.49
7935,86.19
7936,62.73
7937,99.34
7938,141.84
7939,78.75
7940,69.85
7941,63.63
7942,61.7
7943,60.24
7944,57.86
7945,58.59
7946,52.42
7947,51.14
7948,42.57
7949,54.54
7950,58.73
7951,72.11
7952,99.42
7953,99.42
7954,76.88
7955,55.01
7956,65.5
7957,57.55
7958,49.55
7959,62.73
7960,62.84
7961,62.69
7962,68.82
7963,111.63
7964,97.9
7965,106.69
7966,78.75
7967,66.57
7968,66.22
7969,69.67
7970,62.85
7971,60.91
7972,78.75
7973,59.73
7974,59.68
7975,60.67
7976,49.55
7977,34.55
7978,-2.02
7979,-26.8
7980,-14.5
7981,-35.42
7982,-20.5
7983,-14.5
7984,61.73
7985,54.65
7986,57.12
7987,61.75
7988,94.75
7989,65.41
7990,73.95
7991,61.97
7992,60.48
7993,52.05
7994,37.71
7995,39.82
7996,37.23
7997,49.55
7998,58.48
7999,34.55
8000,-2.02
8001,-20.5
8002,-41.13
8003,-35.2
8004,-26.8
8005,-38.75
8006,-20.5
8007,13.03
8008,-20.5
8009,61.19
8010,58.26
8011,138.99
8012,264.01
8013,114.75
8014,73.13
8015,59.68
8016,62.29
8017,65.02
8018,78.75
8019,61.73
8020,61.73
8021,63.37
8022,62.37
8023,29.71
8024,35.7
8025,12.35
8026,28.55
8027,18.84
8028,-2.02
8029,52.75
8030,39.15
8031,262
8032,294.41
8033,102.23
8034,138.98
8035,70.89
8036,114.75
8037,99.32
8038,92.67
8039,137.75
8040,98.19
8041,94.75
8042,96.37
8043,84.84
8044,62.73
8045,78.75
8046,63.33
8047,47.6
8048,40.25
8049,52.75
8050,-10
8051,-20.5
8052,-8.14
8053,18.84
8054,52.29
8055,18.84
8056,29.11
8057,48.21
8058,96.01
8059,183.37
8060,145.42
8061,192.76
8062,194.01
8063,145.42
8064,114.75
8065,94.26
8066,114.75
8067,92.54
8068,92.26
8069,78.75
8070,67.78
8071,-20.5
8072,-26.8
8073,-20.5
8074,-41.73
8075,-46.26
8076,-26.8
8077,-39.52
8078,-20.5
8079,0
8080,37.73
8081,59.71
8082,395.5
8083,138.98
8084,156.7
8085,183.37
8086,183.37
8087,198.99
8088,78.75
8089,72.48
8090,263.01
8091,119.1
8092,78.75
8093,78.75
8094,94.91
8095,37.86
8096,18.84
8097,64.28
8098,51.47
8099,28.55
8100,9.42
8101,34.51
8102,52.75
8103,38.75
8104,18.84
8105,52.75
8106,103.39
8107,212.22
8108,164.19
8109,137.7
8110,137.75
8111,127.06
8112,97.56
8113,101.61
8114,102.21
8115,94.75
8116,87.63
8117,86.08
8118,91.41
8119,57.36
8120,32.52
8121,32.93
8122,42.62
8123,18.21
8124,6.09
8125,8.99
8126,10.22
8127,53.9
8128,95.25
8129,96.01
8130,113.99
8131,1050.26
8132,175.58
8133,319.15
8134,157.78
8135,93.84
8136,91.96
8137,102.38
8138,78.75
8139,78.75
8140,78.75
8141,90.48
8142,95.29
8143,51.8
8144,28.55
8145,-2.02
8146,0
8147,0
8148,0
8149,0
8150,34.55
8151,9.59
8152,54.14
8153,57.92
8154,104.86
8155,262
8156,190.74
8157,287.56
8158,133.01
8159,95.67
8160,94.72
8161,94.75
8162,91.42
8163,120.79
8164,95.25
8165,96.01
8166,100.09
8167,55.34
8168,28.55
8169,-2.02
8170,-20.5
8171,0
8172,-2.02
8173,38.75
8174,53
8175,50.31
8176,78.75
8177,95.27
8178,141.9
8179,329.34
8180,173.03
8181,157.45
8182,263.01
8183,94.7
8184,78.75
8185,78.75
8186,69.89
8187,73.09
8188,64.54
8189,63.79
8190,62.8
8191,52.75
8192,28.55
8193,18.84
8194,-2.02
8195,52.75
8196,-40.6
8197,-20.5
8198,-10
8199,29.61
8200,-20.5
8201,62.73
8202,114.8
8203,273.68
8204,156.92
8205,137.75
8206,95.53
8207,59.53
8208,84.75
8209,62.73
8210,129.35
8211,86.33
8212,65.38
8213,62.28
8214,89.72
8215,33.99
8216,0
8217,23.52
8218,0
8219,0
8220,-10
8221,-20.5
8222,-45.06
8223,-41.19
8224,-20.5
8225,29.61
8226,306.68
8227,144.25
8228,106.12
8229,65.97
8230,64.42
8231,60.44
8232,60.86
8233,62.73
8234,38.32
8235,37.42
8236,36.55
8237,54.55
8238,36.53
8239,-20.5
8240,-26.8
8241,-26.8
8242,-40.6
8243,-45.11
8244,-44.85
8245,-41.3
8246,-39.01
8247,-20.5
8248,-2.02
8249,0
8250,35.1
8251,80.27
8252,69.91
8253,65.98
8254,83.26
8255,66.53
8256,67.12
8257,62.72
8258,54.75
8259,61.89
8260,61.97
8261,63.33
8262,62.43
8263,54.75
8264,34.55
8265,18.84
8266,-20.5
8267,-10
8268,-2.02
8269,23.48
8270,18.84
8271,56.17
8272,38.75
8273,261.55
8274,104.52
8275,144.74
8276,148.77
8277,111.57
8278,110.86
8279,69.24
8280,85.75
8281,87.76
8282,85.75
8283,69.65
8284,64.55
8285,85.55
8286,95.7
8287,62.34
8288,61.03
8289,51.32
8290,43.23
8291,49.55
8292,-13.8
8293,-10
8294,34.55
8295,-2.02
8296,0
8297,38.75
8298,100.8
8299,230.3
8300,212.84
8301,151.71
8302,92.38
8303,83.25
8304,90.18
8305,67.49
8306,85.55
8307,68.25
8308,66.84
8309,89.2
8310,112.21
8311,60.13
8312,34.55
8313,18.84
8314,18.84
8315,-10.5
8316,34.55
8317,-2.02
8318,-10.5
8319,18.84
8320,54.75
8321,81.27
8322,134.94
8323,221.94
8324,131.75
8325,133.01
8326,99.06
8327,59.53
8328,85.75
8329,82.41
8330,59.67
8331,59.13
8332,57.64
8333,61.95
8334,62.7
8335,58.39
8336,48.16
8337,49.55
8338,0
8339,34.55
8340,-20.5
8341,-20.5
8342,94.67
8343,59.13
8344,54.75
8345,-20.5
8346,93.75
8347,371.02
8348,190.74
8349,146.65
8350,144.03
8351,119.19
8352,137.88
8353,125.75
8354,148.95
8355,109.23
8356,101.64
8357,97.46
8358,124.9
8359,121.94
8360,66.22
8361,90.56
8362,90.57
8363,52.69
8364,34.55
8365,125.8
8366,42.96
8367,45.56
8368,54.55
8369,38.75
8370,64.74
8371,145.17
8372,115.75
8373,124.28
8374,85.55
8375,80.5
8376,123.45
8377,114.24
8378,112.03
8379,76.01
8380,77.29
8381,65.43
8382,60.63
8383,10.98
8384,49.55
8385,-20.5
8386,9.3
8387,-20.5
8388,-20.5
8389,56.08
8390,56.82
8391,86.17
8392,262
8393,64.3
8394,99.32
8395,263.01
8396,145.18
8397,101.07
8398,86.32
8399,80.25
8400,85.55
8401,73.53
8402,111.59
8403,96.28
8404,71.09
8405,61.39
8406,59.53
8407,45.98
8408,50.18
8409,-20.5
8410,34.55
8411,3.76
8412,49.55
8413,54.75
8414,0
8415,21.57
8416,99.42
8417,93.48
8418,370.73
8419,370.73
8420,179.5
8421,111.76
8422,104.51
8423,101.35
8424,131.74
8425,138.98
8426,145.42
8427,93.75
8428,85.75
8429,99.67
8430,81.71
8431,62.24
8432,54.55
8433,87.84
8434,85.55
8435,86.32
8436,28.85
8437,54.55
8438,54.55
8439,194.01
8440,94.01
8441,173.89
8442,131.74
8443,340.55
8444,333.7
8445,194.01
8446,145.2
8447,237.7
8448,101.56
8449,85.75
8450,66.94
8451,85.55
8452,66.75
8453,79.22
8454,93.75
8455,62.09
8456,45.74
8457,53.04
8458,49.55
8459,38.75
8460,53.89
8461,57.98
8462,43.36
8463,49.55
8464,56.11
8465,85.63
8466,87.02
8467,262
8468,193
8469,131.74
8470,145.19
8471,114.8
8472,131.75
8473,93.75
8474,85.55
8475,66.06
8476,65.81
8477,63.73
8478,131.75
8479,86.1
8480,54.55
8481,85.75
8482,54.55
8483,54.55
8484,51.1
8485,54.55
8486,85.75
8487,61.73
8488,131.75
8489,115.05
8490,131.74
8491,136.33
8492,142.61
8493,99.32
8494,99.32
8495,62.73
8496,99.32
8497,131.75
8498,85.75
8499,93.75
8500,119.55
8501,85.75
8502,123.46
8503,85.75
8504,92.71
8505,138.75
8506,155.37
8507,61.73
8508,95.75
8509,53.02
8510,93.31
8511,110.1
8512,38.75
8513,59.53
8514,95.75
8515,92.55
8516,92.55
8517,63.63
8518,61.74
8519,59.53
8520,54.55
8521,64.11
8522,131.55
8523,92.55
8524,76.55
8525,62.01
8526,65.23
8527,63.6
8528,54.55
8529,131.55
8530,49.55
8531,34.55
8532,-10.5
8533,-26.8
8534,-26.8
8535,-20.5
8536,-35
8537,-41.57
8538,34.55
8539,94.7
8540,114.8
8541,94.7
8542,61.8
8543,66.12
8544,61.77
8545,60.23
8546,64.03
8547,62.45
8548,59.19
8549,55.65
8550,61.55
8551,11.63
8552,-13.22
8553,-38.07
8554,-35
8555,-45.34
8556,-44.71
8557,-45.06
8558,-13.8
8559,38.75
8560,92.55
8561,87.22
8562,65.35
8563,133.01
8564,368.55
8565,133.01
8566,114.8
8567,114.8
8568,261.55
8569,95.75
8570,92.55
8571,65.02
8572,59.19
8573,68.54
8574,64.47
8575,38.54
8576,51.26
8577,-20.5
8578,80.89
8579,54.55
8580,51.24
8581,34.55
8582,0
8583,0
8584,-40.6
8585,29.61
8586,67.68
8587,59.53
8588,60.15
8589,47.84
8590,40.42
8591,54.55
8592,54.55
8593,49.55
8594,34.55
8595,9.91
8596,36.4
8597,18.84
8598,12.27
8599,0
8600,30.94
8601,43.56
8602,-47.09
8603,-47.09
8604,-49.51
8605,-48.58
8606,-47.74
8607,-43.11
8608,-20.5
8609,38.75
8610,60.39
8611,85.75
8612,138.99
8613,144.61
8614,96.01
8615,65.66
8616,54.75
8617,54.27
8618,56.63
8619,49.55
8620,49.55
8621,36.17
8622,35.26
8623,-28.63
8624,-20.5
8625,-29.79
8626,-43.48
8627,-45.06
8628,-40.6
8629,-15.72
8630,-2.02
8631,49.55
8632,-20.5
8633,194.01
8634,142.96
8635,95.75
8636,99.32
8637,96.01
8638,106.74
8639,105.26
8640,93.94
8641,96.01
8642,65.34
8643,64.79
8644,64.14
8645,59.72
8646,67.43
8647,35.84
8648,18.04
8649,-20.5
8650,-20.5
8651,-35
8652,-36.41
8653,-20.5
8654,-35
8655,-20.5
8656,-13.8
8657,-2.02
8658,49.55
8659,295.75
8660,145.2
8661,145.2
8662,138.98
8663,138.98
8664,262
8665,261.55
8666,194.01
8667,370.73
8668,295.75
8669,138.75
8670,138.75
8671,35.9
8672,-20.02
8673,6.82
8674,-26.38
8675,-44.87
8676,-45.06
8677,-20.5
8678,34.55
8679,36.09
8680,-20.5
8681,-17.66
8682,54.75
8683,368.55
8684,3421.02
8685,368.75
8686,261.96
8687,131.74
8688,366.76
8689,114.8
8690,114.8
8691,131.55
8692,131.71
8693,92.55
8694,94.7
8695,57.86
8696,19.04
8697,0
8698,-10.5
8699,-10
8700,38.32
8701,-2.02
8702,-5.3
8703,35.11
8704,45.56
8705,62.73
8706,132
8707,550.44
8708,370.73
8709,368.55
8710,260.99
8711,133.01
8712,138.75
8713,147.52
8714,133.01
8715,114.8
8716,92.55
8717,67.91
8718,114.8
8719,61.24
8720,49.55
8721,22.8
8722,-2.02
8723,0
8724,-2.02
8725,0
8726,23.62
8727,74.51
8728,18.84
8729,62.73
8730,85.55
8731,85.75
8732,138.98
8733,94.7
8734,60.09
8735,64.24
8736,63.73
8737,54.55
8738,56.61
8739,54.55
8740,54.55
8741,54.55
8742,54.55
8743,-23.95
8744,-40.1
8745,-26.8
8746,-34.07
8747,-37.65
8748,-40.6
8749,-20.5
8750,-20.5
8751,8.89
8752,84.65
8753,34.55
8754,131.75
8755,138.98
8756,93.75
8757,65.81
8758,54.75
8759,85.75
8760,61.88
