1,26.26
2,26.21
3,27.85
4,25.47
5,29.66
6,28.8
7,25.25
8,23.21
9,24.21
10,22.57
11,31.45
12,35.07
13,33.44
14,33.69
15,32.82
16,31.7
17,39.42
18,42.45
19,37.76
20,33.79
21,31.78
22,31.24
23,28.3
24,25.26
25,18.55
26,19.02
27,-3.64
28,19.11
29,19.99
30,22.92
31,26.12
32,28.61
33,30.9
34,32.15
35,42.51
36,47.76
37,65.73
38,62.04
39,65.21
40,57.33
41,87.65
42,139.89
43,118.71
44,66.52
45,46.24
46,42.51
47,41.29
48,35.86
49,34.31
50,15.54
51,5.36
52,30.83
53,20.96
54,14.51
55,29.93
56,37.32
57,42.16
58,53.1
59,102.45
60,130.08
61,173.74
62,181.02
63,165.5
64,142.84
65,161.2
66,193.59
67,177.36
68,155.98
69,130.45
70,100.55
71,131.02
72,96.56
73,123
74,113.23
75,111.3
76,104.84
77,137.79
78,136.6
79,180.53
80,244.79
81,201.35
82,126.61
83,90.78
84,87.57
85,79.88
86,80.13
87,89.05
88,118.98
89,217.57
90,216.62
91,212.6
92,187.03
93,163.27
94,155.72
95,112.31
96,130.97
97,142.23
98,126.88
99,122.81
100,110.87
101,125.88
102,123.29
103,143.65
104,127.74
105,146.98
106,144.62
107,72.42
108,72.87
109,80.33
110,79.67
111,63.46
112,62.36
113,68.5
114,78.92
115,69.8
116,57.59
117,56.36
118,59.08
119,86.63
120,94.1
121,59.12
122,37.34
123,38.62
124,38.05
125,41.75
126,54.69
127,56.96
128,85.61
129,53.75
130,41.01
131,77.94
132,83.47
133,88.14
134,77.87
135,78.68
136,95.06
137,122.79
138,200.3
139,166.05
140,114.03
141,94.66
142,85.93
143,77.84
144,76.56
145,78.58
146,85.08
147,83.95
148,86.87
149,71.46
150,70.82
151,73.03
152,92.88
153,151.93
154,180.42
155,224.54
156,257.84
157,246.05
158,210.5
159,174.25
160,161.69
161,165.11
162,272.37
163,196.35
164,151.33
165,139.33
166,131.42
167,125.08
168,127.33
169,138.69
170,114.82
171,116.81
172,114.37
173,116.75
174,136.86
175,137.06
176,150.55
177,171.98
178,210.05
179,228.6
180,240.99
181,215.33
182,134.83
183,136.9
184,171.73
185,238.12
186,256.23
187,234.44
188,227.74
189,178.49
190,146.64
191,127.2
192,113.62
193,121.52
194,113.71
195,128.48
196,121.88
197,130.98
198,127.52
199,121.51
200,112.64
201,128.72
202,141.78
203,142.53
204,160.14
205,130.58
206,127.48
207,117.92
208,120.22
209,121.46
210,125.77
211,107.89
212,108.86
213,102.05
214,86.7
215,79.6
216,56.64
217,-0.72
218,45.66
219,49.32
220,42.67
221,58.99
222,31.05
223,80.82
224,99.82
225,95.54
226,81.15
227,130.73
228,129.33
229,117.7
230,121.12
231,111.17
232,128.78
233,159.17
234,189.15
235,172.69
236,148.72
237,143.5
238,176.26
239,152.27
240,139.34
241,138.14
242,131.1
243,121.76
244,124.23
245,126.04
246,134.32
247,135.75
248,181.31
249,159.9
250,173.62
251,148.38
252,147.4
253,152.93
254,162.96
255,209.06
256,229.53
257,203.33
258,181.29
259,231.55
260,165.45
261,161.96
262,155.29
263,145.51
264,147.23
265,157.56
266,195.04
267,185.23
268,167.88
269,181.12
270,166.68
271,218.56
272,221.25
273,205.32
274,179.16
275,162.39
276,136.12
277,131.83
278,130.92
279,155.29
280,173.1
281,226.54
282,303.37
283,301.59
284,225.61
285,209.59
286,209.52
287,197.87
288,174.91
289,124.77
290,156.44
291,155.19
292,160.03
293,149.24
294,141.21
295,185.53
296,242.93
297,212.95
298,164.39
299,131.44
300,127.71
301,117.58
302,112.86
303,111.82
304,113.89
305,122.58
306,134.49
307,131.36
308,114.21
309,108.7
310,101.69
311,94.42
312,67.25
313,111.4
314,97.29
315,102.59
316,98.9
317,93.58
318,43.29
319,70.96
320,113.79
321,121.52
322,102.4
323,145.85
324,133.5
325,142.27
326,127.03
327,113.08
328,114.29
329,126.34
330,148.11
331,129.27
332,123.4
333,119.81
334,117.39
335,116.65
336,104.93
337,117.13
338,108.62
339,93.61
340,94.89
341,108.89
342,117.2
343,138.16
344,202.4
345,189.17
346,132.99
347,146.11
348,140.5
349,134.86
350,145.14
351,169.5
352,182.16
353,209.21
354,255.25
355,213.84
356,213.32
357,198.1
358,196.23
359,166.19
360,201.86
361,172.93
362,205.95
363,93.61
364,229.82
365,212.57
366,242.32
367,266.45
368,277.71
369,269.84
370,238.3
371,175.42
372,139.06
373,121.47
374,134.95
375,170.72
376,221.71
377,267.11
378,296.26
379,265.32
380,213.08
381,178.28
382,152.53
383,145.7
384,144.27
385,125.32
386,170.09
387,163.02
388,164.68
389,174.44
390,170.83
391,154.26
392,160.08
393,221.62
394,212.53
395,274.22
396,179.15
397,141.43
398,155.34
399,170.73
400,211.91
401,210.7
402,279.94
403,219.92
404,143.12
405,128.08
406,126.64
407,128.43
408,127.57
409,124.92
410,119.92
411,132.94
412,123.12
413,117.83
414,136.45
415,166.96
416,232.63
417,173.25
418,139.03
419,128.87
420,120.4
421,131.66
422,162.44
423,130.31
424,162.93
425,197.65
426,221.1
427,201.69
428,184.65
429,173.51
430,140.37
431,146.66
432,149.56
433,141.07
434,144.27
435,144.79
436,153.81
437,148.41
438,187.13
439,251.42
440,266.59
441,246.14
442,192.59
443,144.64
444,132.91
445,122.62
446,117.24
447,122.74
448,127.58
449,214.78
450,195.54
451,158.35
452,123.38
453,124.9
454,103.12
455,92.52
456,85.47
457,91.51
458,78.27
459,76.98
460,77.63
461,69.76
462,61.99
463,76.19
464,95.52
465,146.35
466,140.38
467,242.18
468,208.15
469,144.04
470,140.19
471,136.58
472,147.68
473,220.56
474,312.03
475,256.63
476,211.59
477,199.92
478,152.01
479,135.08
480,139.93
481,167.76
482,160.56
483,152.48
484,141.07
485,146.13
486,157.79
487,181.83
488,229.53
489,218.25
490,188.82
491,185.98
492,159.49
493,139.96
494,136.56
495,139.89
496,143.34
497,169.06
498,250.4
499,210.97
500,203.81
501,231.85
502,172.51
503,144.77
504,199.5
505,198.41
506,179.8
507,195.81
508,226.45
509,209.4
510,214.29
511,224.42
512,226.64
513,204.09
514,151.32
515,178.89
516,140.57
517,142.45
518,137.99
519,142.12
520,165.03
521,251.83
522,289.91
523,187.09
524,176.14
525,162.32
526,147.53
527,180.52
528,195.33
529,154.94
530,165.54
531,143.49
532,150.45
533,161.5
534,147.7
535,161.25
536,141.33
537,144.69
538,168.52
539,147.3
540,137.55
541,135.06
542,136.35
543,136.9
544,155.53
545,171.65
546,202.99
547,171.72
548,165.13
549,158.51
550,140.94
551,136.49
552,135.52
553,142.71
554,135.73
555,135.77
556,135.87
557,124.41
558,174.61
559,275.3
560,266.16
561,163.82
562,162.31
563,141.74
564,136.22
565,116.03
566,109.76
567,127.85
568,145.86
569,147.6
570,157.6
571,157.4
572,140.88
573,146.01
574,126.26
575,128.97
576,132.44
577,132.59
578,131.98
579,143.75
580,148.02
581,141.44
582,136.91
583,163.2
584,199.33
585,228.26
586,208.41
587,203.79
588,159.51
589,135.84
590,136.78
591,136.84
592,141.22
593,153.32
594,187.69
595,168.79
596,156.14
597,149.01
598,143.85
599,119.44
600,124.51
601,128
602,137.38
603,141.03
604,156.85
605,127.42
606,120.25
607,159.85
608,214.02
609,144.45
610,101.07
611,126.84
612,121.09
613,120.84
614,112.75
615,127.34
616,140.43
617,154.23
618,214.12
619,181.9
620,182.23
621,163.9
622,148.97
623,140.88
624,136.46
625,136.44
626,146.79
627,162.6
628,162.72
629,165.15
630,209.96
631,232.62
632,303.28
633,201.56
634,160.41
635,147.6
636,150.78
637,148.13
638,143.3
639,140.04
640,156.13
641,192.74
642,259.7
643,244.27
644,238.7
645,220.08
646,163.84
647,154.29
648,145.53
649,172.64
650,172.05
651,168.28
652,196.61
653,203.67
654,213.35
655,266.96
656,304.55
657,321.53
658,315.99
659,340.08
660,230.95
661,219.09
662,225.87
663,194.38
664,191.44
665,224.22
666,292.13
667,241.13
668,221.41
669,189.13
670,154.1
671,138.74
672,173.57
673,145.78
674,151.99
675,152.31
676,150.24
677,152.61
678,145.95
679,129.38
680,115.17
681,117.86
682,190.95
683,284.76
684,286.19
685,303.24
686,260.15
687,190.72
688,181.93
689,195.54
690,250.51
691,276.6
692,205.19
693,187.77
694,176.72
695,164.51
696,192.67
697,172.31
698,176.95
699,176.75
700,193.09
701,197.55
702,199.94
703,177.63
704,157.83
705,167.71
706,152.83
707,170.36
708,164.71
709,153.89
710,152.06
711,167.22
712,188.83
713,203.64
714,252.45
715,261.88
716,235.82
717,174.03
718,166.5
719,160.33
720,148.26
721,174.75
722,162.71
723,159.18
724,153.73
725,222.62
726,213.24
727,285.94
728,353.09
729,286.65
730,216.04
731,232.92
732,185.94
733,163.25
734,161.41
735,161.05
736,167.16
737,239.44
738,293.63
739,309.15
740,297.63
741,265.6
742,253.17
743,191.4
744,190.27
745,206.16
746,217.93
747,222.78
748,255.4
749,221.52
750,291.35
751,308.03
752,328.98
753,231.07
754,168.8
755,163.69
756,190.33
757,236.71
758,188.94
759,215.16
760,267.53
761,323.76
762,337.49
763,351.36
764,292.18
765,182.83
766,201.52
767,171.79
768,164.37
769,182.14
770,194.7
771,197.66
772,198.6
773,182.23
774,182.74
775,186.27
776,212.77
777,201.43
778,170.98
779,148.98
780,116.27
781,118.39
782,114.8
783,107.7
784,117.42
785,127.43
786,149.74
787,150.47
788,147.65
789,125.01
790,114.25
791,112.14
792,94.44
793,87.89
794,82.69
795,72.04
796,63.88
797,72.45
798,83.25
799,118.33
800,193.96
801,183.29
802,128.03
803,141.19
804,125.32
805,139.56
806,158.78
807,155
808,167.53
809,144.96
810,207.33
811,197.89
812,159.75
813,119.37
814,108.21
815,91.1
816,87.6
817,88.39
818,80.48
819,64.89
820,69.14
821,76.78
822,67.41
823,69.01
824,86.94
825,87.12
826,89.35
827,186.57
828,215
829,232.8
830,217.67
831,217.85
832,186.72
833,214.4
834,209.31
835,224.43
836,193.88
837,178.31
838,195.44
839,158.59
840,144.05
841,132.72
842,134.1
843,133.38
844,120.53
845,123.16
846,135.57
847,143.18
848,140.32
849,169.33
850,212.84
851,212.71
852,179.1
853,142.4
854,127.36
855,126.18
856,128.72
857,141.96
858,175.36
859,167.98
860,191.87
861,147.62
862,145.11
863,143.59
864,161.28
865,174.64
866,131.66
867,130.62
868,131.22
869,130.67
870,130.59
871,192.71
872,208.66
873,214.09
874,195.78
875,151.8
876,137.8
877,135.17
878,122.91
879,127.49
880,128.79
881,166.45
882,211.95
883,231.28
884,227.34
885,203.33
886,144.97
887,122.12
888,121.01
889,141.92
890,163.97
891,147.25
892,185.83
893,195.74
894,224.69
895,273.57
896,306.27
897,312.03
898,321.77
899,314.38
900,169.24
901,151.09
902,146.4
903,139.67
904,142.21
905,183.69
906,293.23
907,322.05
908,157.74
909,139.25
910,160.12
911,118.32
912,118.85
913,114.88
914,116.88
915,113.44
916,103.57
917,112.02
918,139.87
919,147.94
920,178.1
921,182.27
922,118.16
923,98.08
924,88.73
925,86.43
926,83.3
927,139.67
928,142.21
929,183.69
930,117.11
931,117.64
932,112.18
933,115.4
934,133.14
935,118.04
936,116.46
937,120.89
938,103.28
939,90.49
940,89.52
941,100.62
942,100.5
943,117.64
944,102.67
945,85.21
946,68.51
947,28.24
948,24.39
949,8.46
950,56.06
951,58.63
952,62.08
953,64.19
954,102.55
955,112.29
956,87.1
957,82.77
958,82.9
959,64.53
960,61.05
961,67.5
962,69.87
963,76.11
964,79.43
965,79.95
966,80.43
967,86.32
968,93.9
969,78.52
970,66.68
971,47.27
972,44.06
973,50.9
974,51.52
975,50.04
976,58.71
977,58
978,74.66
979,65.58
980,51.54
981,43.11
982,40.17
983,38.35
984,40.43
985,41.24
986,39.8
987,40.11
988,44.6
989,45.96
990,39.64
991,60.04
992,79.39
993,37.35
994,-3.56
995,-8.74
996,22.14
997,6.19
998,-17.31
999,17.26
1000,31.64
1001,40.44
1002,49.43
1003,51.46
1004,36.28
1005,38.74
1006,39.16
1007,33.92
1008,30.48
1009,29.51
1010,29.6
1011,27.68
1012,27.21
1013,25.52
1014,25.18
1015,26.41
1016,27.86
1017,29.42
1018,16.43
1019,15.09
1020,-11.45
1021,-11.55
1022,5.28
1023,25.2
1024,25.23
1025,25.9
1026,41.25
1027,38.48
1028,31.36
1029,28.79
1030,32.49
1031,31.1
1032,20.98
1033,28.25
1034,27.35
1035,27.8
1036,26.15
1037,27.6
1038,27.71
1039,28.18
1040,33.53
1041,90.84
1042,130.09
1043,197.47
1044,187.6
1045,202.25
1046,210.12
1047,243.04
1048,259.63
1049,267.33
1050,255.61
1051,273.67
1052,184.89
1053,156.74
1054,146.11
1055,115.11
1056,114.29
1057,122.95
1058,143.84
1059,151.15
1060,164.99
1061,206.48
1062,237.93
1063,213.94
1064,280.29
1065,311.78
1066,261.42
1067,242.03
1068,218.23
1069,155.53
1070,147.57
1071,154.3
1072,158.01
1073,204.16
1074,276.18
1075,327.45
1076,298.03
1077,231.62
1078,179.81
1079,156.22
1080,138.54
1081,124.56
1082,108.19
1083,123.01
1084,125.88
1085,131.41
1086,155.97
1087,179.16
1088,219.24
1089,185.39
1090,194.89
1091,167.4
1092,159.79
1093,160.81
1094,158.15
1095,156.59
1096,147.08
1097,195.85
1098,270.43
1099,227.43
1100,209.66
1101,202.67
1102,185.69
1103,168.81
1104,178.14
1105,141.7
1106,146.93
1107,151.66
1108,140.21
1109,144.74
1110,145.08
1111,187.86
1112,191.52
1113,143.86
1114,166.92
1115,58.24
1116,43.42
1117,40.06
1118,40.49
1119,45.82
1120,62.14
1121,91.51
1122,113.25
1123,92.94
1124,73.39
1125,55.44
1126,58.24
1127,40.1
1128,38.98
1129,39.52
1130,36.8
1131,35.88
1132,32.76
1133,33
1134,33.93
1135,34.18
1136,37.18
1137,34.63
1138,32.24
1139,33.02
1140,33.72
1141,32.45
1142,33.38
1143,35.65
1144,32.91
1145,35.37
1146,45.34
1147,61.91
1148,51.54
1149,36.58
1150,34.82
1151,32.74
1152,41.39
1153,39.49
1154,35.93
1155,36.73
1156,35.78
1157,36.05
1158,36.52
1159,52.68
1160,87.79
1161,55.86
1162,38.45
1163,29.93
1164,-18.72
1165,-0.87
1166,34.67
1167,12.89
1168,54.06
1169,75.58
1170,118.44
1171,109.1
1172,107.72
1173,88.31
1174,77.77
1175,66.91
1176,59.17
1177,87.16
1178,94.1
1179,98.6
1180,111.51
1181,87.59
1182,69.72
1183,99.08
1184,73.44
1185,46.44
1186,40.81
1187,69.32
1188,71.8
1189,85.11
1190,134.47
1191,151.06
1192,130.07
1193,120.47
1194,169.18
1195,137.35
1196,179.11
1197,210.8
1198,326.41
1199,220.11
1200,64.77
1201,71.88
1202,94.1
1203,92.12
1204,71.43
1205,83.07
1206,75.54
1207,97.11
1208,93.55
1209,59.57
1210,41.72
1211,65.74
1212,70.09
1213,67
1214,-19.93
1215,19.7
1216,48.5
1217,73.83
1218,101.94
1219,93.51
1220,85.2
1221,81.03
1222,72.45
1223,49.99
1224,42.17
1225,51.48
1226,52.1
1227,43.6
1228,42.83
1229,44.7
1230,69.12
1231,78.79
1232,84.15
1233,66.83
1234,33.23
1235,3.89
1236,8.35
1237,13.72
1238,14.72
1239,19.37
1240,30.06
1241,36.2
1242,48.28
1243,51.68
1244,48.46
1245,37.04
1246,35.86
1247,35.11
1248,35.93
1249,26.57
1250,16.14
1251,26.59
1252,29.03
1253,24.15
1254,30.39
1255,38.08
1256,42.06
1257,45.81
1258,40.1
1259,43.01
1260,51.35
1261,51.63
1262,58.2
1263,61.07
1264,57.86
1265,58.1
1266,59.41
1267,60.02
1268,53.54
1269,57.57
1270,50.51
1271,37.71
1272,21.79
1273,15.82
1274,8.45
1275,25.31
1276,31.5
1277,33.05
1278,21.33
1279,36.03
1280,33.56
1281,49.99
1282,36.39
1283,34.08
1284,34.14
1285,19.73
1286,19.39
1287,-14.6
1288,35.44
1289,36.66
1290,42.91
1291,71.91
1292,75.29
1293,76.31
1294,41.64
1295,36.72
1296,36.77
1297,36.76
1298,33.71
1299,34.66
1300,35.64
1301,37.69
1302,38.02
1303,40.02
1304,44.78
1305,41.63
1306,40.62
1307,68.87
1308,96.34
1309,80.29
1310,94.2
1311,88.19
1312,87.49
1313,98.62
1314,155.75
1315,143.22
1316,160.05
1317,116.16
1318,105.14
1319,103.05
1320,135.54
1321,111.26
1322,114.03
1323,107.25
1324,116.7
1325,96.41
1326,67.62
1327,58.4
1328,96.41
1329,105.05
1330,149.51
1331,219.64
1332,232.18
1333,281.44
1334,289.19
1335,252.7
1336,182.23
1337,204.35
1338,264.69
1339,314.88
1340,272.11
1341,175.53
1342,148.09
1343,140.75
1344,147.59
1345,131.95
1346,136.14
1347,135.94
1348,125.95
1349,118.39
1350,120.86
1351,117.37
1352,152.63
1353,214.51
1354,200.16
1355,204.15
1356,152.24
1357,146.81
1358,132.47
1359,129.95
1360,136.51
1361,140.42
1362,148.24
1363,145.42
1364,140.37
1365,129.76
1366,111.67
1367,96.95
1368,92.56
1369,90.38
1370,89.27
1371,86.89
1372,84
1373,79.21
1374,11.03
1375,75.38
1376,86.83
1377,85.2
1378,82.23
1379,95.14
1380,71.93
1381,85.95
1382,10.73
1383,66.7
1384,82.96
1385,95.94
1386,143.02
1387,134.63
1388,152.12
1389,158.97
1390,135.36
1391,96.95
1392,93.77
1393,84.67
1394,76.46
1395,11.98
1396,-2.18
1397,67.38
1398,46.65
1399,86.12
1400,88.13
1401,68.13
1402,6.4
1403,87.22
1404,72.16
1405,31.62
1406,-41.15
1407,98.14
1408,125.18
1409,114.83
1410,134.33
1411,164.58
1412,128.07
1413,144.47
1414,145.02
1415,109.41
1416,75.75
1417,65.26
1418,78.76
1419,78.27
1420,77.85
1421,79.12
1422,78.57
1423,120.26
1424,188.33
1425,121.86
1426,96.83
1427,129.13
1428,99.79
1429,72.41
1430,64.98
1431,61.62
1432,66.47
1433,79.09
1434,98.63
1435,109.9
1436,101.04
1437,74.13
1438,69.18
1439,74.38
1440,78.36
1441,105.01
1442,124.12
1443,101.42
1444,112.85
1445,66.8
1446,72.93
1447,75.9
1448,75.77
1449,61.58
1450,47.15
1451,40.58
1452,40.37
1453,30.51
1454,19.92
1455,34.54
1456,39.27
1457,42.19
1458,81.31
1459,119.17
1460,117.72
1461,110.03
1462,51.49
1463,53.2
1464,48.31
1465,73.81
1466,136.96
1467,128.76
1468,163.04
1469,167.09
1470,348.85
1471,165.37
1472,97.34
1473,58.09
1474,41.72
1475,90
1476,108.72
1477,-10.71
1478,85.8
1479,103.08
1480,110.45
1481,42.19
1482,155.19
1483,134.86
1484,146.23
1485,181.3
1486,143.92
1487,157.68
1488,143.76
1489,126.6
1490,129.81
1491,117.07
1492,119.66
1493,122.31
1494,156.27
1495,220.18
1496,181.3
1497,97.51
1498,80.25
1499,93.58
1500,78.83
1501,78.17
1502,68.15
1503,65.7
1504,66.65
1505,91.43
1506,146.93
1507,110.74
1508,133.65
1509,117.99
1510,131.44
1511,102.37
1512,97.54
1513,101.58
1514,100.87
1515,95.29
1516,79.59
1517,80.19
1518,106.24
1519,132.44
1520,108.39
1521,77.27
1522,24.51
1523,37.76
1524,37.84
1525,36.2
1526,35.11
1527,36.92
1528,39.77
1529,40.52
1530,45.22
1531,50.09
1532,53.56
1533,43.96
1534,46
1535,46.23
1536,44.04
1537,43.04
1538,47.16
1539,45.68
1540,48.56
1541,56.34
1542,46.97
1543,43.11
1544,38.49
1545,42.87
1546,75.13
1547,74.61
1548,77.11
1549,42.54
1550,20.65
1551,28.55
1552,35.98
1553,38.26
1554,45.12
1555,74.04
1556,44.72
1557,40.54
1558,38.86
1559,50.71
1560,38.2
1561,37.44
1562,37.71
1563,36.97
1564,37.65
1565,39.22
1566,42.49
1567,36.99
1568,37.4
1569,38.04
1570,49.27
1571,49.08
1572,43.61
1573,41.9
1574,57.62
1575,50.07
1576,53.55
1577,62.23
1578,67.98
1579,64.79
1580,63.39
1581,49.24
1582,47.7
1583,39.7
1584,40.06
1585,45.23
1586,42.87
1587,40.07
1588,37.83
1589,41.03
1590,39.24
1591,54.05
1592,51.13
1593,36.66
1594,17.22
1595,23.83
1596,30.75
1597,17.98
1598,10.67
1599,10.42
1600,35.19
1601,39.34
1602,48.17
1603,85.62
1604,78.87
1605,56.41
1606,44.13
1607,40.18
1608,42.38
1609,45.21
1610,45.22
1611,42.9
1612,42.83
1613,39.63
1614,39.18
1615,44.84
1616,48.46
1617,44.81
1618,45.52
1619,46.76
1620,49.77
1621,50.72
1622,52.21
1623,61.15
1624,54.36
1625,54.32
1626,54.26
1627,56.67
1628,64.34
1629,58.64
1630,55.28
1631,49.87
1632,45.5
1633,43.23
1634,44.29
1635,42.87
1636,44.72
1637,46.23
1638,57.68
1639,73.61
1640,71.18
1641,65.45
1642,53.84
1643,38.34
1644,34.62
1645,18.82
1646,30.82
1647,32.47
1648,32.9
1649,54.32
1650,46.45
1651,44.01
1652,53.33
1653,49.57
1654,42.63
1655,39.73
1656,39.27
1657,41.08
1658,41.82
1659,39.58
1660,42.41
1661,52.47
1662,52.74
1663,66.8
1664,42.82
1665,38.42
1666,34.37
1667,36.84
1668,37.8
1669,36.19
1670,34.91
1671,35.3
1672,36.25
1673,35.65
1674,39.73
1675,40.89
1676,41.12
1677,41
1678,38.84
1679,38.31
1680,38.93
1681,38.44
1682,41.09
1683,41.57
1684,42.14
1685,41.79
1686,42.57
1687,37.75
1688,37.05
1689,47.41
1690,51.12
1691,96.36
1692,109.91
1693,112.41
1694,124.33
1695,128.32
1696,83.1
1697,97.34
1698,133.36
1699,128.24
1700,103.56
1701,126.96
1702,126
1703,122.41
1704,80.28
1705,119.46
1706,86.36
1707,84.11
1708,116.97
1709,97.46
1710,95.93
1711,116.07
1712,86.15
1713,81.83
1714,74.16
1715,72.95
1716,55.41
1717,54.09
1718,51.8
1719,39.05
1720,53.3
1721,82.65
1722,99.4
1723,140.27
1724,138.67
1725,109.31
1726,77.53
1727,116.84
1728,80.28
1729,78.09
1730,100.19
1731,74.35
1732,75.08
1733,107.64
1734,116.43
1735,129.76
1736,137.97
1737,123.62
1738,82.14
1739,44.26
1740,39.85
1741,35.44
1742,24.51
1743,20.14
1744,32.38
1745,36.76
1746,39.23
1747,50.22
1748,73.97
1749,52.23
1750,40.74
1751,39.71
1752,37.7
1753,38.3
1754,38.89
1755,39.43
1756,40.62
1757,41.79
1758,42.68
1759,57.18
1760,74.82
1761,69.94
1762,51.97
1763,38.6
1764,37.8
1765,35.38
1766,34.12
1767,32.89
1768,34.19
1769,36.13
1770,43.41
1771,40.93
1772,63.52
1773,48.89
1774,56.08
1775,42.62
1776,40.15
1777,40.98
1778,39.59
1779,39.26
1780,39.61
1781,41.99
1782,37.77
1783,53.56
1784,77.75
1785,61.25
1786,54.22
1787,39.19
1788,34.52
1789,29.89
1790,-35.77
1791,-26.46
1792,-9.49
1793,30.87
1794,36.08
1795,51.43
1796,35.72
1797,39.16
1798,56.08
1799,43.87
1800,48.68
1801,37.07
1802,33.45
1803,32.9
1804,31.79
1805,31.36
1806,30.19
1807,33.58
1808,41.45
1809,47.16
1810,53.11
1811,39.09
1812,37.36
1813,37.7
1814,39.43
1815,37.96
1816,37.98
1817,47.13
1818,50.19
1819,56.12
1820,53.42
1821,40.31
1822,48.71
1823,40.22
1824,37.33
1825,38.6
1826,34.25
1827,33.55
1828,33.74
1829,35.64
1830,33.25
1831,39.32
1832,53.78
1833,45.7
1834,34.23
1835,33.15
1836,30.26
1837,29.23
1838,28.99
1839,29.85
1840,32.62
1841,34.16
1842,42.46
1843,57.73
1844,57.63
1845,49.57
1846,47.57
1847,38.9
1848,41.34
1849,39.96
1850,40.95
1851,31.55
1852,36.12
1853,44.71
1854,35.18
1855,30.73
1856,30.29
1857,32.35
1858,34.3
1859,36.75
1860,36.12
1861,35.84
1862,37.54
1863,36.06
1864,34.31
1865,34.12
1866,34.82
1867,36.27
1868,38.68
1869,37.69
1870,38.03
1871,38.29
1872,47.92
1873,44.76
1874,43.34
1875,37.84
1876,40.41
1877,41.12
1878,34.13
1879,32.6
1880,35.11
1881,36.85
1882,42.16
1883,33.61
1884,32.46
1885,36.19
1886,39.03
1887,36.17
1888,38.3
1889,46.47
1890,57.57
1891,52.87
1892,59.9
1893,57.66
1894,50.94
1895,39.64
1896,33.39
1897,34.97
1898,36.03
1899,37.77
1900,44
1901,45.98
1902,48.35
1903,57.95
1904,58.19
1905,36.33
1906,32.94
1907,32.38
1908,31.87
1909,32.65
1910,29.62
1911,28.29
1912,22.25
1913,32.72
1914,43.55
1915,57.01
1916,59.95
1917,60.39
1918,53.38
1919,41.01
1920,35.88
1921,35.14
1922,37.82
1923,33.87
1924,40.12
1925,37.02
1926,51.51
1927,63.02
1928,82.27
1929,56.26
1930,30.79
1931,28.06
1932,15.22
1933,28.19
1934,26.79
1935,10.87
1936,-2.72
1937,21.14
1938,41.67
1939,64.42
1940,72.33
1941,68.01
1942,52.38
1943,40.24
1944,38.16
1945,35.37
1946,34.87
1947,36.18
1948,36.71
1949,36.28
1950,36.83
1951,54.25
1952,73.59
1953,43.99
1954,35
1955,36.17
1956,36.97
1957,38.54
1958,38.25
1959,37.72
1960,38.74
1961,45.06
1962,51.85
1963,54.63
1964,74
1965,52.12
1966,46.77
1967,41.88
1968,38.3
1969,39.35
1970,36.9
1971,37.73
1972,40.01
1973,39.42
1974,38.88
1975,41.71
1976,55.45
1977,53.39
1978,56.37
1979,58.62
1980,64.51
1981,60.05
1982,58.59
1983,57.61
1984,51.74
1985,47.57
1986,61.14
1987,64.11
1988,59.46
1989,53.78
1990,56.98
1991,63.69
1992,68.7
1993,72.77
1994,74.05
1995,60.14
1996,52.48
1997,66.78
1998,86.2
1999,128.92
2000,97.66
2001,81.71
2002,52.93
2003,44.25
2004,43.83
2005,43.68
2006,44.12
2007,42.1
2008,45.37
2009,53.29
2010,75.49
2011,59.14
2012,54.76
2013,63.83
2014,42.33
2015,38.9
2016,67.54
2017,44.81
2018,86.46
2019,99.85
2020,85.59
2021,45.27
2022,44.39
2023,47.01
2024,49.17
2025,45.58
2026,37.49
2027,40.33
2028,40.54
2029,49.64
2030,91.49
2031,60.33
2032,53.92
2033,62.99
2034,66.21
2035,75.42
2036,67.56
2037,53.41
2038,50.1
2039,47.9
2040,53.43
2041,48.67
2042,44.44
2043,42.67
2044,39.33
2045,8.26
2046,25.26
2047,45.14
2048,48.28
2049,36.39
2050,28.88
2051,55.85
2052,58.5
2053,60.39
2054,59.1
2055,59.12
2056,63.53
2057,93.5
2058,122.65
2059,117.94
2060,94.69
2061,105.33
2062,94.67
2063,57.89
2064,56.99
2065,51.31
2066,50.85
2067,54.53
2068,51.24
2069,45.57
2070,49.25
2071,96.51
2072,129.85
2073,83.16
2074,60.13
2075,88.04
2076,75.52
2077,89.38
2078,94.66
2079,115.06
2080,144.47
2081,165.75
2082,247.46
2083,226.74
2084,197.08
2085,203.46
2086,191.3
2087,181.38
2088,206.66
2089,347.21
2090,304.49
2091,326.1
2092,351.1
2093,297.86
2094,398.94
2095,434.66
2096,459.21
2097,601.02
2098,406.27
2099,100.5
2100,106.42
2101,98.92
2102,134.52
2103,91.9
2104,104.05
2105,104.1
2106,114.86
2107,176.24
2108,263.41
2109,272.41
2110,180.67
2111,168.31
2112,129.41
2113,97.99
2114,105.36
2115,87.46
2116,70.23
2117,75.16
2118,87.2
2119,180.8
2120,191.71
2121,79.06
2122,59
2123,45.48
2124,42.91
2125,42.13
2126,44.52
2127,45.55
2128,42.5
2129,43.73
2130,50.14
2131,52.34
2132,56.19
2133,53.71
2134,48.23
2135,168.31
2136,45.48
2137,44.52
2138,42.21
2139,42.88
2140,44.65
2141,44.46
2142,43.45
2143,44.48
2144,79.28
2145,77.97
2146,65.6
2147,69.23
2148,60.47
2149,59.43
2150,70.08
2151,53.83
2152,64.88
2153,79.76
2154,74.66
2155,54.65
2156,55.73
2157,45.61
2158,41.99
2159,41.69
2160,41.43
2161,43.27
2162,42.57
2163,41.77
2164,39.22
2165,41.39
2166,42.24
2167,45.15
2168,73.31
2169,74.71
2170,67.22
2171,48.84
2172,66.67
2173,67.3
2174,51.95
2175,48.38
2176,44.51
2177,44.08
2178,48.55
2179,45.64
2180,47.51
2181,46.9
2182,44.05
2183,44.68
2184,44.27
2185,44.49
2186,44.44
2187,44.15
2188,43.75
2189,43.23
2190,43.29
2191,44.69
2192,44.7
2193,36.78
2194,10.28
2195,-3.85
2196,32.24
2197,6.31
2198,-13.29
2199,-8.02
2200,6.64
2201,-50.48
2202,30.33
2203,43.49
2204,40.85
2205,41.21
2206,43.91
2207,43.12
2208,39.69
2209,39.83
2210,40.46
2211,41.44
2212,38.88
2213,39.68
2214,37.39
2215,37.56
2216,36.51
2217,37.32
2218,35.98
2219,40.05
2220,39.45
2221,38.64
2222,43.91
2223,48.64
2224,63.31
2225,61.54
2226,78.56
2227,92.42
2228,79.41
2229,78.82
2230,74.65
2231,82.91
2232,47.22
2233,46.77
2234,45.59
2235,44.58
2236,44.31
2237,45.2
2238,55.37
2239,78.08
2240,70.42
2241,52.93
2242,44.94
2243,41.61
2244,41.08
2245,40.65
2246,34.05
2247,0.95
2248,-30.88
2249,31.38
2250,43.49
2251,49.26
2252,50.72
2253,61.73
2254,53.73
2255,56.82
2256,50.55
2257,54.24
2258,44.5
2259,44.2
2260,45.4
2261,50.13
2262,59.27
2263,86.96
2264,86.63
2265,70.71
2266,44.96
2267,37.03
2268,39.36
2269,43.3
2270,40.81
2271,37.88
2272,13.66
2273,40.68
2274,43.89
2275,64.91
2276,92.56
2277,83.91
2278,78.37
2279,64.69
2280,60.45
2281,44.69
2282,45
2283,45.86
2284,45.63
2285,48.09
2286,44.76
2287,69.09
2288,69.56
2289,70.5
2290,61.91
2291,53.53
2292,53.53
2293,52.14
2294,51.9
2295,51.57
2296,50.86
2297,52.59
2298,68.3
2299,66.49
2300,83.67
2301,70.53
2302,60.48
2303,64.25
2304,48.05
2305,45.85
2306,48.71
2307,47.5
2308,47.22
2309,49.89
2310,50.86
2311,55.78
2312,52.48
2313,53.7
2314,53.41
2315,56.68
2316,57.61
2317,56.5
2318,56.44
2319,58.22
2320,63.32
2321,68.64
2322,75.77
2323,73.75
2324,70.46
2325,74.5
2326,75.17
2327,71.26
2328,53.46
2329,52.58
2330,49.46
2331,45.86
2332,46.48
2333,53.31
2334,55.19
2335,64.86
2336,79.16
2337,83.33
2338,62.54
2339,52.78
2340,47.82
2341,46.84
2342,46.57
2343,48.64
2344,50.11
2345,48.73
2346,51.05
2347,59.5
2348,73.76
2349,101.3
2350,82.9
2351,60.85
2352,55.09
2353,64.5
2354,59.36
2355,59.23
2356,55.09
2357,58.42
2358,60.42
2359,98.04
2360,80.71
2361,85.41
2362,97.03
2363,68.79
2364,71.4
2365,80.92
2366,69.07
2367,62.74
2368,54.05
2369,53.87
2370,68.35
2371,73.64
2372,83.42
2373,107.91
2374,77.91
2375,58.04
2376,58.97
2377,61.44
2378,55.53
2379,53.71
2380,55.47
2381,55.38
2382,53.79
2383,51.49
2384,48.81
2385,48.91
2386,45.63
2387,44.88
2388,52.19
2389,52.05
2390,52.11
2391,51.62
2392,54.01
2393,65.86
2394,70.84
2395,92.45
2396,95.05
2397,100.64
2398,79.1
2399,59.16
2400,50.25
2401,50.25
2402,48.42
2403,48.31
2404,51.41
2405,51.93
2406,63.79
2407,98.32
2408,90.34
2409,65.75
2410,49.69
2411,42.41
2412,41.61
2413,43.96
2414,44.86
2415,45.19
2416,47.53
2417,48.7
2418,57.94
2419,86.83
2420,102.3
2421,101.6
2422,85.75
2423,74.88
2424,54.32
2425,49.99
2426,48.07
2427,49.07
2428,48.9
2429,49.12
2430,53.93
2431,72.79
2432,101.91
2433,103.13
2434,100.95
2435,114.1
2436,106.97
2437,57.15
2438,48.57
2439,48.23
2440,48.44
2441,49.19
2442,66.64
2443,87.51
2444,97.03
2445,84.76
2446,75.68
2447,66.74
2448,53.68
2449,53.1
2450,52.18
2451,51.75
2452,51.79
2453,52.08
2454,54.4
2455,68.44
2456,67.25
2457,53.47
2458,48.02
2459,46.63
2460,47.15
2461,45.28
2462,48.39
2463,43.51
2464,46.47
2465,50.1
2466,61.14
2467,75.23
2468,84.42
2469,81.73
2470,64.09
2471,50.8
2472,48.4
2473,49.3
2474,50.62
2475,49.97
2476,49.6
2477,48.99
2478,49.57
2479,50.85
2480,57.31
2481,56.6
2482,53.52
2483,52.73
2484,51.12
2485,48.49
2486,46.66
2487,44.74
2488,47.37
2489,51.43
2490,55.43
2491,55.93
2492,54.9
2493,54.94
2494,51.95
2495,50.1
2496,49.02
2497,51.22
2498,50.93
2499,50.72
2500,49.48
2501,49.58
2502,56.47
2503,74.81
2504,72.56
2505,53.94
2506,39.09
2507,41.54
2508,45.37
2509,44.73
2510,45.35
2511,41.89
2512,44.39
2513,48.67
2514,59.18
2515,76.82
2516,81.42
2517,79.03
2518,67.82
2519,55.66
2520,53.59
2521,56.43
2522,80.92
2523,57.95
2524,51.9
2525,53.24
2526,45.45
2527,51.16
2528,52.84
2529,55.01
2530,55.01
2531,56.63
2532,52.09
2533,47.17
2534,43.9
2535,47.98
2536,52.64
2537,61.61
2538,83.72
2539,90.67
2540,93.89
2541,83.16
2542,66.69
2543,62.1
2544,67.28
2545,73.25
2546,57.23
2547,52.31
2548,51.43
2549,55.77
2550,51.34
2551,49.98
2552,49.61
2553,47.03
2554,45.4
2555,50.45
2556,55.03
2557,54.33
2558,51.77
2559,51.83
2560,50.64
2561,50.94
2562,53.45
2563,53.41
2564,58.19
2565,59.71
2566,57.69
2567,59.96
2568,58.93
2569,54.49
2570,53.36
2571,53.23
2572,54.92
2573,60.56
2574,57.74
2575,65.15
2576,59.88
2577,54.86
2578,44.38
2579,48.72
2580,42.13
2581,10.79
2582,34.04
2583,35.31
2584,50.98
2585,56.42
2586,71.49
2587,92.51
2588,105.96
2589,75.31
2590,71.77
2591,67.57
2592,67.15
2593,64.72
2594,61.39
2595,59.93
2596,56.68
2597,62.41
2598,66.15
2599,59.79
2600,81.4
2601,92.78
2602,74.87
2603,66.02
2604,67.03
2605,60.75
2606,60.31
2607,58.51
2608,59.17
2609,61.49
2610,69.11
2611,89.43
2612,97.77
2613,105.03
2614,68.49
2615,72.09
2616,60.35
2617,60.91
2618,61.41
2619,60.52
2620,60.85
2621,63.18
2622,67.38
2623,93.6
2624,102.61
2625,62.75
2626,59.86
2627,58.3
2628,63.5
2629,57.78
2630,56.67
2631,57.61
2632,58.32
2633,57.54
2634,59.45
2635,80.1
2636,71.48
2637,76.82
2638,96.91
2639,94.88
2640,63.24
2641,60.67
2642,59.81
2643,59.72
2644,58.38
2645,55.89
2646,61.03
2647,71.11
2648,70.41
2649,60.68
2650,54.28
2651,51.28
2652,50.72
2653,42.95
2654,49.73
2655,50.64
2656,52.66
2657,57.01
2658,74.57
2659,88.95
2660,97.47
2661,90.97
2662,82.74
2663,63.33
2664,57.94
2665,57.36
2666,54.26
2667,54.82
2668,54.17
2669,66.65
2670,76.14
2671,91.41
2672,106.46
2673,62.76
2674,55.61
2675,56.12
2676,55.1
2677,54.32
2678,54.94
2679,53.95
2680,54.81
2681,53.79
2682,73.43
2683,99.25
2684,100.75
2685,105.94
2686,95.28
2687,91.43
2688,92.42
2689,76.39
2690,80.53
2691,76.29
2692,78.81
2693,79.84
2694,85.17
2695,81.68
2696,53.06
2697,48.02
2698,47.93
2699,50.79
2700,49.31
2701,47.54
2702,46.8
2703,49.83
2704,54.88
2705,66.52
2706,90.53
2707,80.77
2708,75.82
2709,72.31
2710,88.95
2711,68.4
2712,78.97
2713,77.62
2714,65.04
2715,56.09
2716,54.14
2717,71.71
2718,63.22
2719,44.42
2720,51.69
2721,53.39
2722,47.15
2723,48.55
2724,49.55
2725,51.17
2726,49.68
2727,47.21
2728,48.43
2729,50.7
2730,64.4
2731,96.72
2732,100.07
2733,94.02
2734,73.02
2735,55.45
2736,53.78
2737,57.13
2738,54.64
2739,53.42
2740,53.2
2741,56.65
2742,78.43
2743,88.7
2744,92.01
2745,93.28
2746,81.8
2747,53.78
2748,53.17
2749,54.16
2750,54.15
2751,51.8
2752,50.33
2753,52.72
2754,57.54
2755,69.63
2756,79.15
2757,77.11
2758,60.97
2759,51.42
2760,50.78
2761,47.11
2762,48.77
2763,46.44
2764,45.94
2765,45.74
2766,50.86
2767,54.03
2768,67.25
2769,76.97
2770,86.67
2771,91.13
2772,85.29
2773,66.35
2774,71.14
2775,90.43
2776,99.16
2777,97.29
2778,99.74
2779,100.47
2780,96.77
2781,88.33
2782,72.72
2783,60.53
2784,57.96
2785,50.22
2786,51.51
2787,51.28
2788,50.95
2789,54.03
2790,59.28
2791,68.08
2792,64.68
2793,55.38
2794,56.2
2795,70.29
2796,81.35
2797,56.94
2798,61
2799,63
2800,56.24
2801,58.78
2802,78.15
2803,92.58
2804,112.25
2805,103.65
2806,96.51
2807,91.43
2808,94.08
2809,63.46
2810,61.55
2811,58.49
2812,58.64
2813,63.27
2814,84.7
2815,107.25
2816,104.33
2817,59.53
2818,55.99
2819,68.87
2820,58.94
2821,57.82
2822,54.98
2823,55.89
2824,56.92
2825,58.16
2826,66.3
2827,81.49
2828,108.63
2829,140.62
2830,96.16
2831,95.08
2832,83.77
2833,62.75
2834,63.24
2835,57.94
2836,66.91
2837,65.97
2838,88.9
2839,83.92
2840,73.38
2841,61.26
2842,9.15
2843,26.8
2844,38.06
2845,-14.45
2846,11.83
2847,-4.07
2848,29.55
2849,50.8
2850,52.93
2851,56.53
2852,63.36
2853,74.47
2854,78.86
2855,58.06
2856,54.22
2857,59.17
2858,58.77
2859,54.21
2860,55.2
2861,54.17
2862,57.3
2863,51.79
2864,51.34
2865,50.12
2866,33.51
2867,-27.71
2868,36.6
2869,34.64
2870,20.76
2871,22.31
2872,21.75
2873,30.52
2874,52.43
2875,65.27
2876,84.68
2877,87.08
2878,77.41
2879,83.29
2880,81.6
2881,88.35
2882,65.15
2883,54.65
2884,54.05
2885,67.41
2886,68.73
2887,67.89
2888,67.96
2889,48.72
2890,43.69
2891,48.74
2892,49.37
2893,49.4
2894,47.56
2895,46.42
2896,49.44
2897,51.45
2898,78.26
2899,97.02
2900,96.78
2901,95.25
2902,83.6
2903,87.55
2904,65.42
2905,53.88
2906,54.11
2907,53.82
2908,54.27
2909,55.01
2910,64.11
2911,87.59
2912,112.42
2913,103.4
2914,106.32
2915,106.23
2916,103.71
2917,114.65
2918,129.28
2919,113.49
2920,117.02
2921,135.37
2922,144.48
2923,131.98
2924,103.97
2925,101.95
2926,67.55
2927,94.45
2928,70.77
2929,76.35
2930,77.63
2931,103.89
2932,104.95
2933,92.8
2934,78.13
2935,78.49
2936,112.75
2937,100.47
2938,92.47
2939,66.34
2940,63.33
2941,114.65
2942,64.73
2943,62.73
2944,64.22
2945,81.85
2946,80.44
2947,71.09
2948,85.01
2949,96.79
2950,94.66
2951,68.14
2952,58.61
2953,60.27
2954,58.94
2955,57.33
2956,57.86
2957,59.09
2958,59.16
2959,67.91
2960,97.26
2961,109.46
2962,109.68
2963,108.87
2964,108.1
2965,100.67
2966,84.49
2967,82.45
2968,100.57
2969,103.07
2970,109.92
2971,92.89
2972,78.56
2973,83.52
2974,95.06
2975,69.38
2976,70.36
2977,68.03
2978,61.24
2979,61.97
2980,62.01
2981,62.02
2982,63.25
2983,70.81
2984,67.1
2985,63.12
2986,57.56
2987,58.49
2988,55.14
2989,56.09
2990,59.08
2991,57.97
2992,59.13
2993,60.99
2994,63.98
2995,66.48
2996,90.32
2997,104.06
2998,85.62
2999,70.34
3000,79.59
3001,78.12
3002,75.65
3003,65.6
3004,69.59
3005,103.13
3006,105.82
3007,70.31
3008,69.21
3009,73.03
3010,65.28
3011,59.95
3012,61.8
3013,61.34
3014,63.49
3015,63.24
3016,65.69
3017,71.19
3018,68.89
3019,68.14
3020,103.48
3021,110.26
3022,96.4
3023,88.65
3024,71.24
3025,70.09
3026,66.64
3027,64.25
3028,65
3029,67.06
3030,69.94
3031,74.75
3032,77.53
3033,67.37
3034,62.38
3035,62.31
3036,63.29
3037,61.57
3038,61.86
3039,63.1
3040,61.72
3041,64.79
3042,67.93
3043,109.37
3044,137.64
3045,132.89
3046,110.12
3047,108.93
3048,100.33
3049,132.13
3050,100.04
3051,89.66
3052,82.96
3053,101.7
3054,136.98
3055,88.12
3056,98.94
3057,70.86
3058,62.48
3059,63.33
3060,62.63
3061,62.3
3062,56.62
3063,53.86
3064,56.17
3065,60.94
3066,63.55
3067,87.54
3068,110.79
3069,122.18
3070,100.55
3071,101.53
3072,102.71
3073,100.67
3074,111.95
3075,116.62
3076,127.11
3077,128.01
3078,139.69
3079,146.18
3080,132.48
3081,65.64
3082,63.91
3083,66.59
3084,65.08
3085,63.52
3086,55.65
3087,52.49
3088,54.2
3089,50.55
3090,82.12
3091,125.28
3092,120.85
3093,122.26
3094,103.6
3095,77.41
3096,57.74
3097,59.77
3098,59.89
3099,58.2
3100,59.67
3101,62.11
3102,72.24
3103,100.81
3104,93.93
3105,92.68
3106,57
3107,56.74
3108,57.54
3109,56.07
3110,52.53
3111,50.54
3112,48.33
3113,54.41
3114,57.26
3115,77.45
3116,98.3
3117,95.38
3118,91.13
3119,71.94
3120,59.36
3121,56.62
3122,57.54
3123,57.33
3124,55.5
3125,59.01
3126,58.91
3127,59.45
3128,87.29
3129,57.56
3130,46.02
3131,50.27
3132,49.69
3133,47.41
3134,49.24
3135,50.45
3136,52.95
3137,54.99
3138,57
3139,75.5
3140,67.22
3141,61.01
3142,59.61
3143,54.87
3144,52.26
3145,53.31
3146,65.08
3147,54.48
3148,54.26
3149,56.6
3150,69.09
3151,61.16
3152,61.03
3153,57.35
3154,54.34
3155,55.71
3156,55.84
3157,56.69
3158,58.36
3159,62.4
3160,61.74
3161,89.12
3162,96.98
3163,95.81
3164,89.11
3165,92.65
3166,84.92
3167,67.81
3168,60.88
3169,62.8
3170,55.49
3171,54.78
3172,56.96
3173,58.77
3174,71.89
3175,57.53
3176,61.44
3177,74.23
3178,62.42
3179,56.66
3180,56.35
3181,56.69
3182,59.59
3183,64.21
3184,75.13
3185,84.06
3186,99.65
3187,121.42
3188,130.04
3189,118.62
3190,99.01
3191,90.48
3192,71.7
3193,117.23
3194,99.17
3195,66.68
3196,59.35
3197,70.03
3198,61.83
3199,73.61
3200,96.88
3201,73.02
3202,55.79
3203,58.08
3204,74.15
3205,85.58
3206,68.24
3207,88.99
3208,91.56
3209,108.6
3210,82.54
3211,83.64
3212,103.68
3213,95.36
3214,89.81
3215,99.05
3216,90.15
3217,84.36
3218,70.15
3219,67.44
3220,61.1
3221,60.68
3222,61.78
3223,65.18
3224,61.17
3225,75.3
3226,71.32
3227,57.21
3228,58.39
3229,68.01
3230,64.1
3231,59.45
3232,69.31
3233,80.93
3234,125.19
3235,120.18
3236,101.64
3237,105.36
3238,91.15
3239,94.77
3240,72.58
3241,83.56
3242,66.74
3243,56.69
3244,59.65
3245,69.55
3246,103.07
3247,59.77
3248,59.79
3249,57.33
3250,56.68
3251,58.67
3252,59.02
3253,70.8
3254,76.19
3255,81.88
3256,73.92
3257,87.29
3258,113.54
3259,90.77
3260,74.11
3261,76.66
3262,69.86
3263,62.88
3264,61.14
3265,64.02
3266,75.35
3267,68.17
3268,60.67
3269,59.65
3270,72.1
3271,63.18
3272,60.09
3273,55.46
3274,53.19
3275,55.56
3276,55.97
3277,66.71
3278,70.24
3279,81.88
3280,73.92
3281,54.26
3282,59.13
3283,61.88
3284,62.5
3285,61.46
3286,59.77
3287,58.29
3288,58.86
3289,63.23
3290,58.57
3291,57.16
3292,55.75
3293,71.36
3294,103.39
3295,87.47
3296,91.38
3297,68.59
3298,56.61
3299,56.1
3300,39.14
3301,20.1
3302,70.24
3303,81.88
3304,73.92
3305,54.26
3306,59.13
3307,61.88
3308,62.5
3309,148.96
3310,123.34
3311,78.93
3312,78.61
3313,79.16
3314,80.35
3315,70.25
3316,63.12
3317,66.12
3318,68.93
3319,59.43
3320,64.02
3321,88.21
3322,107.27
3323,103.48
3324,89.6
3325,122.39
3326,79.69
3327,72.96
3328,67.48
3329,66.87
3330,68.85
3331,65.4
3332,64.66
3333,86.67
3334,72.5
3335,65.16
3336,65.21
3337,64.87
3338,59.99
3339,55.08
3340,53.3
3341,53.77
3342,53.76
3343,55.36
3344,62.1
3345,65.02
3346,61.17
3347,58.58
3348,57.48
3349,50.97
3350,52.47
3351,49.85
3352,49.66
3353,48.88
3354,53.98
3355,55.5
3356,56.27
3357,53.95
3358,53.15
3359,51.85
3360,46.67
3361,50.63
3362,49.57
3363,48.58
3364,46.11
3365,47.95
3366,14.82
3367,48.04
3368,51.45
3369,53.73
3370,51.27
3371,0.21
3372,-101.64
3373,-151.05
3374,-150
3375,-2.7
3376,59.95
3377,69.27
3378,90.14
3379,102.01
3380,82.01
3381,72.12
3382,70.42
3383,69.48
3384,67.7
3385,58.71
3386,52.65
3387,54.05
3388,52.81
3389,49.77
3390,43.97
3391,44.83
3392,35.2
3393,10.43
3394,32.81
3395,56.99
3396,61.8
3397,64.51
3398,63.73
3399,68.87
3400,88.34
3401,94.26
3402,98.19
3403,137.3
3404,101.08
3405,89.13
3406,89.75
3407,70.91
3408,61.31
3409,67.92
3410,60.69
3411,54.62
3412,52.5
3413,51.58
3414,51.26
3415,52.87
3416,55.8
3417,52.56
3418,46.56
3419,31.11
3420,51.09
3421,50.8
3422,49.8
3423,52.38
3424,54.85
3425,61.37
3426,74.4
3427,91.53
3428,87.09
3429,88.06
3430,65.02
3431,55.9
3432,52.15
3433,53.92
3434,58.02
3435,54.42
3436,55.21
3437,53.27
3438,60.01
3439,82.8
3440,79.1
3441,64.56
3442,54.33
3443,60.5
3444,61.03
3445,61.52
3446,61.19
3447,62.33
3448,68.09
3449,77.92
3450,99.65
3451,139.91
3452,128.28
3453,114.23
3454,103.5
3455,74.66
3456,70.31
3457,90.65
3458,111.49
3459,94.99
3460,128.25
3461,121.69
3462,117.2
3463,98.9
3464,111.99
3465,89.52
3466,61.46
3467,61.7
3468,62.89
3469,63.37
3470,66.32
3471,65.96
3472,67.45
3473,99.27
3474,147.67
3475,142.97
3476,118.4
3477,116.2
3478,104.17
3479,112.57
3480,112.23
3481,110.42
3482,97.74
3483,101.36
3484,93.61
3485,91.74
3486,83.92
3487,90.17
3488,148.35
3489,121.14
3490,69.03
3491,65.96
3492,67.27
3493,65.42
3494,65.99
3495,66.37
3496,65.44
3497,69
3498,84.59
3499,133.43
3500,108.21
3501,119.18
3502,131.33
3503,130.93
3504,110.9
3505,92.57
3506,89.83
3507,67.55
3508,68.46
3509,85.74
3510,171.8
3511,72.85
3512,94.11
3513,143.38
3514,137.59
3515,120.49
3516,101.38
3517,89.58
3518,126.92
3519,129.09
3520,147.2
3521,151.88
3522,177.25
3523,107.54
3524,78.92
3525,80.06
3526,80.44
3527,79.53
3528,67.15
3529,65.35
3530,66.48
3531,67.77
3532,68.13
3533,67.87
3534,66.56
3535,64.63
3536,62.17
3537,62.84
3538,69.28
3539,63.87
3540,62.7
3541,62.88
3542,65.65
3543,69.23
3544,62.55
3545,61.05
3546,61.54
3547,61.9
3548,62.93
3549,63.59
3550,61.87
3551,60.43
3552,56.03
3553,59.49
3554,60.8
3555,61.29
3556,57.9
3557,54.56
3558,55.6
3559,58.21
3560,59.89
3561,54.54
3562,53.7
3563,56.98
3564,61.74
3565,61.04
3566,58.92
3567,52.43
3568,49.74
3569,55.03
3570,61.4
3571,65.2
3572,67.23
3573,60.92
3574,55.62
3575,56.86
3576,56.07
3577,68.49
3578,59.47
3579,54.87
3580,52.16
3581,57.95
3582,54.15
3583,45.42
3584,20.73
3585,33.73
3586,36.22
3587,51.62
3588,54.54
3589,57.9
3590,58.18
3591,56.88
3592,64.05
3593,83.77
3594,134.19
3595,154
3596,124.06
3597,123.65
3598,125.6
3599,102.39
3600,77.57
3601,80.94
3602,83.74
3603,71.19
3604,70.66
3605,103.77
3606,113.8
3607,105.96
3608,84.43
3609,78.47
3610,82.54
3611,79.86
3612,79.96
3613,80.97
3614,77.54
3615,74.76
3616,73.79
3617,85.27
3618,103.24
3619,119.31
3620,125.39
3621,80.08
3622,82.02
3623,66.51
3624,67.45
3625,77.04
3626,80.08
3627,94.99
3628,111.67
3629,134.3
3630,78.59
3631,64.93
3632,66.62
3633,68.71
3634,65.1
3635,62.96
3636,65.75
3637,67.5
3638,94.3
3639,103.42
3640,78.8
3641,82.78
3642,97.58
3643,106.82
3644,100.27
3645,105.96
3646,93.75
3647,83.43
3648,99.84
3649,84.43
3650,99.56
3651,87.51
3652,86.03
3653,79.7
3654,83.13
3655,92.03
3656,108.73
3657,110.87
3658,119.3
3659,73.1
3660,67.93
3661,68.83
3662,120.82
3663,94.93
3664,79.43
3665,118.55
3666,130.84
3667,114.1
3668,95.47
3669,86.45
3670,96.47
3671,95.89
3672,87.07
3673,83.12
3674,94.15
3675,77.15
3676,71.56
3677,72.16
3678,82.54
3679,80.18
3680,103.85
3681,109.11
3682,108.75
3683,91.04
3684,75.86
3685,73.9
3686,69.48
3687,69.06
3688,68.94
3689,71.11
3690,92.81
3691,105.12
3692,74.63
3693,74.91
3694,88.51
3695,79.48
3696,105.45
3697,110.11
3698,118.07
3699,101.74
3700,94.91
3701,108.34
3702,92.57
3703,80.81
3704,98.82
3705,121.69
3706,118.94
3707,77.53
3708,82.99
3709,68.04
3710,68.17
3711,63.04
3712,74.75
3713,97.97
3714,121.61
3715,131.78
3716,124.15
3717,113.41
3718,113.23
3719,124.32
3720,96.69
3721,80.61
3722,87.94
3723,96.61
3724,72.3
3725,97.74
3726,106.34
3727,71.61
3728,84.94
3729,68.57
3730,69.51
3731,65.29
3732,65.49
3733,65.63
3734,63.06
3735,64.2
3736,64.82
3737,83.02
3738,125.9
3739,130.96
3740,128.84
3741,119.27
3742,94.26
3743,70.29
3744,72.46
3745,86.59
3746,72.18
3747,75.98
3748,65.97
3749,63.17
3750,64.64
3751,62.22
3752,63.53
3753,64.06
3754,61.45
3755,61.12
3756,62.68
3757,64.13
3758,66.36
3759,76.72
3760,72.98
3761,90.27
3762,108.82
3763,97.4
3764,99.47
3765,99.15
3766,100.31
3767,96.84
3768,83.81
3769,80.25
3770,67.07
3771,64.17
3772,61.19
3773,63.2
3774,62.62
3775,96.03
3776,106.26
3777,80.43
3778,71.65
3779,67.6
3780,68.29
3781,70.33
3782,103.02
3783,99.02
3784,87.22
3785,74.82
3786,88.83
3787,102.85
3788,98.78
3789,102.29
3790,92.32
3791,84.07
3792,74.25
3793,76.91
3794,70.59
3795,68.97
3796,63.58
3797,72.69
3798,78.37
3799,99.97
3800,109.94
3801,95.82
3802,85.72
3803,79.8
3804,68.5
3805,68.27
3806,67.66
3807,67.63
3808,72.63
3809,98.42
3810,108.21
3811,106.99
3812,101.36
3813,91.4
3814,96.07
3815,83.62
3816,80.2
3817,74.94
3818,67.34
3819,67.12
3820,67.15
3821,69.45
3822,70.69
3823,80.19
3824,79.91
3825,101.27
3826,108.58
3827,95.02
3828,100.17
3829,92.22
3830,91.21
3831,84.95
3832,96.5
3833,89.52
3834,95.85
3835,93.46
3836,102.09
3837,84.66
3838,76.08
3839,69.81
3840,65.05
3841,61.65
3842,61.89
3843,60.09
3844,58.4
3845,59.84
3846,59.95
3847,63.54
3848,62.75
3849,62
3850,60.89
3851,60.77
3852,60.2
3853,62.71
3854,61.1
3855,60.07
3856,59.42
3857,58.46
3858,61.43
3859,64.53
3860,66.12
3861,64.79
3862,61.17
3863,59.64
3864,58.82
3865,62.21
3866,60.72
3867,63.14
3868,61.89
3869,58.23
3870,63.44
3871,56.17
3872,55.53
3873,55.79
3874,56.46
3875,58.19
3876,57.96
3877,58.07
3878,59.98
3879,60.38
3880,60.58
3881,58.95
3882,63.31
3883,86.64
3884,85.73
3885,81.75
3886,79.26
3887,68.13
3888,63.04
3889,62.35
3890,61.27
3891,82.99
3892,86.32
3893,89.7
3894,79.86
3895,91.92
3896,97.41
3897,78.25
3898,61.68
3899,78.03
3900,90.89
3901,66.88
3902,66.03
3903,63.31
3904,64.13
3905,69.62
3906,75.98
3907,101.5
3908,92.29
3909,106.67
3910,90.65
3911,69.03
3912,81.56
3913,78.06
3914,75.07
3915,88.36
3916,104.74
3917,91.07
3918,120.91
3919,129.23
3920,106.78
3921,77.84
3922,102.37
3923,113.51
3924,115.35
3925,117.93
3926,120.26
3927,137.43
3928,109.97
3929,165.54
3930,380.83
3931,289.22
3932,242.73
3933,187.12
3934,131.42
3935,78.59
3936,78.8
3937,71.72
3938,74.52
3939,75.54
3940,70.99
3941,66.12
3942,69.87
3943,64.39
3944,67.5
3945,63.73
3946,61.79
3947,59.54
3948,58.76
3949,59.64
3950,62.05
3951,62.91
3952,66.04
3953,75.78
3954,95.56
3955,99.2
3956,101.97
3957,84.81
3958,73.42
3959,66.45
3960,65.95
3961,61.45
3962,60.87
3963,58.72
3964,56.83
3965,56.8
3966,56.55
3967,56.4
3968,61.18
3969,58.6
3970,59.12
3971,57.94
3972,56.03
3973,56.17
3974,57.64
3975,59.87
3976,60.16
3977,78.14
3978,88.64
3979,86.56
3980,83.19
3981,77.14
3982,63.07
3983,56.94
3984,55.8
3985,57.32
3986,59.98
3987,54.95
3988,53.67
3989,51.71
3990,52.35
3991,52.92
3992,59.38
3993,62.06
3994,65.06
3995,80.18
3996,61.18
3997,57.16
3998,57.99
3999,57.74
4000,60.16
4001,56.61
4002,57.21
4003,57.18
4004,57.52
4005,57.72
4006,57.63
4007,57.22
4008,54.64
4009,56.18
4010,54.5
4011,53.08
4012,53.51
4013,54.09
4014,56.18
4015,54.55
4016,60.53
4017,96.05
4018,62.25
4019,61.71
4020,62.31
4021,62.76
4022,76.98
4023,70.33
4024,62.69
4025,62.88
4026,64.66
4027,67.36
4028,70.6
4029,61
4030,61.49
4031,60.49
4032,57.57
4033,55.52
4034,56.95
4035,78.43
4036,82.35
4037,66.43
4038,57.64
4039,57.01
4040,55.42
4041,58.14
4042,52.72
4043,49.67
4044,51.89
4045,53.34
4046,53.47
4047,51.06
4048,52.75
4049,59.36
4050,66.81
4051,59.77
4052,54.49
4053,55.29
4054,55.22
4055,74.33
4056,56.27
4057,59.77
4058,54.52
4059,53.2
4060,53.87
4061,54.29
4062,54.97
4063,51.43
4064,50.62
4065,54.67
4066,46.79
4067,26.38
4068,46.58
4069,47.52
4070,30.68
4071,30.67
4072,43.39
4073,46.55
4074,50.32
4075,52.77
4076,52.22
4077,50.57
4078,50.21
4079,50.93
4080,46.65
4081,41.36
4082,43.68
4083,46.55
4084,47.67
4085,46.81
4086,50.89
4087,44.27
4088,50.27
4089,43.05
4090,40.09
4091,44.21
4092,47.65
4093,46.58
4094,49.07
4095,47.11
4096,50.27
4097,52.61
4098,68.94
4099,87.39
4100,89.34
4101,79.61
4102,74.67
4103,65.97
4104,71.4
4105,60.96
4106,64.05
4107,56.31
4108,53.71
4109,53.41
4110,166.16
4111,58.95
4112,64.87
4113,60.76
4114,61.26
4115,55.71
4116,61.86
4117,65.39
4118,59.34
4119,54.85
4120,58.51
4121,69.34
4122,83.64
4123,88.75
4124,83.83
4125,76.29
4126,62.65
4127,66.63
4128,70.8
4129,59.56
4130,71.27
4131,50.98
4132,52.74
4133,54.13
4134,53.5
4135,53.58
4136,63.13
4137,80.74
4138,72.62
4139,63.04
4140,76.44
4141,80.36
4142,55.38
4143,51.21
4144,48.89
4145,48.23
4146,51.61
4147,51.3
4148,51.62
4149,49.79
4150,49.2
4151,47.23
4152,46.81
4153,44.67
4154,44.81
4155,42.67
4156,43.13
4157,46.27
4158,42.49
4159,43.92
4160,43.64
4161,47.01
4162,50.21
4163,49.75
4164,52.85
4165,62.18
4166,53.82
4167,52.27
4168,50.92
4169,56.58
4170,69.67
4171,79.82
4172,76.37
4173,72.06
4174,60
4175,71.22
4176,66.27
4177,54.31
4178,50.64
4179,49.07
4180,48.56
4181,49.11
4182,51.42
4183,55.08
4184,57.9
4185,51.46
4186,49.51
4187,50.13
4188,68.59
4189,57.76
4190,90.43
4191,101.24
4192,104.85
4193,108.3
4194,122.76
4195,127.75
4196,115.36
4197,94.15
4198,85.72
4199,94.13
4200,70.69
4201,70.74
4202,65.42
4203,56.58
4204,56.56
4205,55.47
4206,57.73
4207,60.23
4208,55.36
4209,60.83
4210,55.24
4211,48.89
4212,49.32
4213,47.87
4214,49.19
4215,49.84
4216,55.34
4217,63.65
4218,96.88
4219,112.31
4220,110.47
4221,103.6
4222,73.19
4223,75.67
4224,95.63
4225,73.33
4226,55.01
4227,58.13
4228,53.65
4229,51.27
4230,50.65
4231,49.95
4232,49.7
4233,50.47
4234,51.48
4235,50.72
4236,53.9
4237,58.31
4238,61.88
4239,67.08
4240,75.95
4241,75.15
4242,92.47
4243,91.14
4244,94.41
4245,90.26
4246,74.94
4247,66.81
4248,65.19
4249,53.45
4250,49.76
4251,46.51
4252,46.23
4253,47.63
4254,51.07
4255,54.36
4256,74.79
4257,91.02
4258,92.36
4259,90.4
4260,92.16
4261,88.06
4262,77.51
4263,69.64
4264,62.15
4265,54.23
4266,59.37
4267,57.09
4268,68.69
4269,65.03
4270,65.28
4271,54.5
4272,56.28
4273,53.95
4274,53.05
4275,47.98
4276,46.42
4277,46.51
4278,46.7
4279,49.61
4280,50.27
4281,49.73
4282,47.74
4283,49.8
4284,50.43
4285,50.18
4286,50.07
4287,51
4288,50.17
4289,57.21
4290,89.89
4291,98.53
4292,91.49
4293,86.72
4294,65.81
4295,60.53
4296,49.91
4297,59
4298,62.39
4299,95.43
4300,67.26
4301,79.82
4302,117.86
4303,61.47
4304,52.29
4305,53.34
4306,55.33
4307,52.78
4308,52.58
4309,52.02
4310,53.12
4311,55.84
4312,52.95
4313,56.7
4314,92.6
4315,83.96
4316,73.19
4317,70.34
4318,65.02
4319,54.19
4320,52.29
4321,54.42
4322,54.4
4323,52.29
4324,51.54
4325,51.61
4326,52.59
4327,51.51
4328,51.47
4329,50.47
4330,47.81
4331,52.2
4332,53.25
4333,53.32
4334,55.23
4335,55.2
4336,54.17
4337,59.22
4338,68.99
4339,81.28
4340,83.17
4341,71.2
4342,70.9
4343,61.59
4344,59.53
4345,55.87
4346,51.88
4347,50.78
4348,49.32
4349,49.36
4350,48.75
4351,48.37
4352,48.84
4353,50.6
4354,49.16
4355,52.2
4356,51.78
4357,57.64
4358,66.22
4359,86.13
4360,102.42
4361,110.15
4362,131.15
4363,108.12
4364,115.35
4365,75.48
4366,76.83
4367,74.34
4368,61.58
4369,86.92
4370,103.68
4371,62.39
4372,52.11
4373,52.9
4374,51.4
4375,49.68
4376,50.54
4377,53.38
4378,52.7
4379,49.62
4380,47.26
4381,49.24
4382,49.37
4383,47.69
4384,51.55
4385,73.78
4386,127.57
4387,106.06
4388,86.41
4389,74.91
4390,72.03
4391,82.66
4392,70.35
4393,57.92
4394,48.23
4395,47.1
4396,54.55
4397,50.86
4398,48.57
4399,47.41
4400,45.95
4401,46.3
4402,45.91
4403,44.63
4404,44.49
4405,43.37
4406,42.45
4407,42.22
4408,42.67
4409,44.66
4410,46.25
4411,57.54
4412,58.42
4413,50.52
4414,45.12
4415,43.4
4416,43.15
4417,43.2
4418,41.29
4419,42.12
4420,39.22
4421,39.56
4422,39.01
4423,40.41
4424,36.47
4425,33.25
4426,12.36
4427,-20.21
4428,38.13
4429,41.62
4430,42.08
4431,42.54
4432,43.28
4433,42.86
4434,43.59
4435,47.4
4436,47.85
4437,47.92
4438,45.05
4439,42.35
4440,41.2
4441,43.04
4442,41.27
4443,39.45
4444,38.29
4445,38.86
4446,39.02
4447,38.68
4448,37.95
4449,42.27
4450,44.24
4451,47.61
4452,55.2
4453,51.38
4454,50.03
4455,45
4456,42.71
4457,41.44
4458,41.87
4459,42.94
4460,45.87
4461,45.02
4462,43.31
4463,42.9
4464,41.36
4465,45.97
4466,45.79
4467,41.27
4468,41.03
4469,42.72
4470,45.14
4471,50.16
4472,50.94
4473,55.22
4474,63.16
4475,54.52
4476,56.64
4477,50.91
4478,49.3
4479,49.79
4480,49.66
4481,56.32
4482,67.82
4483,78.9
4484,78.84
4485,75.13
4486,68.9
4487,52.13
4488,49.31
4489,46.92
4490,47.98
4491,42.78
4492,43.06
4493,42.71
4494,45.99
4495,49.93
4496,47.75
4497,46.9
4498,46.26
4499,42.85
4500,43.96
4501,46.71
4502,51.93
4503,54.79
4504,55.14
4505,70.25
4506,75.11
4507,80.44
4508,84.86
4509,73.86
4510,70.32
4511,52.39
4512,46.19
4513,50.51
4514,44.3
4515,44.27
4516,44.34
4517,44.93
4518,46.04
4519,46.59
4520,44.52
4521,46.55
4522,46.74
4523,49.77
4524,56.59
4525,52.59
4526,62.81
4527,74.88
4528,67.56
4529,69.51
4530,79.13
4531,114.52
4532,84.86
4533,73.86
4534,70.32
4535,52.39
4536,46.19
4537,63.32
4538,58.58
4539,46.51
4540,60.71
4541,47.94
4542,48.01
4543,48.53
4544,49.15
4545,46.74
4546,45.83
4547,45.99
4548,45.96
4549,44.89
4550,44.84
4551,43.15
4552,46.13
4553,56.6
4554,70.77
4555,77.43
4556,78.12
4557,67.07
4558,61.91
4559,68.95
4560,69.81
4561,73.12
4562,81.36
4563,65.41
4564,50.12
4565,62.28
4566,48.05
4567,47.16
4568,44.77
4569,46.14
4570,44.81
4571,42.63
4572,41.88
4573,43.36
4574,41.51
4575,41.97
4576,42.77
4577,57.06
4578,71.18
4579,84.54
4580,77.35
4581,75.58
4582,70.23
4583,66.76
4584,74.52
4585,52.34
4586,48.47
4587,46.1
4588,43.67
4589,44.35
4590,46.89
4591,48.23
4592,49.72
4593,48.85
4594,48.51
4595,49.51
4596,45.12
4597,45.41
4598,49.85
4599,50.59
4600,53.09
4601,60.08
4602,95.53
4603,120.28
4604,85.26
4605,77.64
4606,72.39
4607,51.91
4608,51.48
4609,79.84
4610,51.15
4611,47.07
4612,45.41
4613,45.97
4614,47.06
4615,50.17
4616,50.72
4617,51.12
4618,52.25
4619,51.72
4620,51.59
4621,51.91
4622,55.22
4623,73.87
4624,77.61
4625,84.9
4626,147.38
4627,113.62
4628,85.26
4629,100.19
4630,98.95
4631,91.31
4632,92.36
4633,71.31
4634,77.59
4635,65.24
4636,53.63
4637,53.37
4638,76.7
4639,96.55
4640,90.14
4641,78.99
4642,61.32
4643,54.06
4644,59.64
4645,58.33
4646,64.75
4647,72.44
4648,61.72
4649,72.24
4650,78.29
4651,114.4
4652,95.03
4653,77.03
4654,72.89
4655,59.07
4656,61.42
4657,57.77
4658,67.71
4659,53.6
4660,52.67
4661,52.28
4662,53.76
4663,67.38
4664,51.47
4665,51.92
4666,53.27
4667,59.07
4668,71.74
4669,72.97
4670,66.56
4671,68.9
4672,89.08
4673,141.63
4674,105.78
4675,95.81
4676,97.13
4677,88.7
4678,83.57
4679,81.48
4680,75.25
4681,72.07
4682,58.19
4683,52.6
4684,50.43
4685,50.3
4686,51.83
4687,87.43
4688,68.31
4689,54
4690,55.66
4691,55.54
4692,55.28
4693,55.13
4694,58.11
4695,53.34
4696,61.5
4697,77.89
4698,105.91
4699,110.15
4700,89.39
4701,78.67
4702,80.5
4703,75.53
4704,83.23
4705,56.85
4706,51.34
4707,52.38
4708,50.21
4709,49.41
4710,48.52
4711,43.85
4712,47.81
4713,50.43
4714,49.92
4715,51.29
4716,50.93
4717,49.89
4718,48.79
4719,49.14
4720,51.69
4721,51.86
4722,51.65
4723,63.91
4724,63.97
4725,62.35
4726,60.74
4727,50.57
4728,57.49
4729,57.44
4730,56.96
4731,53.22
4732,47.15
4733,46.26
4734,43.66
4735,32.24
4736,42.47
4737,45.96
4738,43.63
4739,48.84
4740,54.46
4741,71.56
4742,85.25
4743,93.27
4744,89.69
4745,110.32
4746,140.25
4747,125.9
4748,100.78
4749,113.73
4750,108.44
4751,96.92
4752,98.17
4753,90.14
4754,71.15
4755,68.22
4756,69.24
4757,68.5
4758,73.22
4759,104.09
4760,84.15
4761,109.37
4762,128.33
4763,156.58
4764,171.85
4765,129.26
4766,121.42
4767,116.56
4768,126.61
4769,83.67
4770,82.64
4771,76.69
4772,82.27
4773,98.68
4774,94.9
4775,77.71
4776,72.52
4777,77.02
4778,71.74
4779,61.26
4780,60.25
4781,60.11
4782,66.32
4783,206.94
4784,94.8
4785,76.06
4786,63.74
4787,75.86
4788,79.51
4789,90.66
4790,114.63
4791,129.39
4792,156.94
4793,186.22
4794,238.01
4795,176.28
4796,171
4797,137.96
4798,181.57
4799,111.71
4800,92.93
4801,103.29
4802,121.07
4803,101.81
4804,81.43
4805,82.41
4806,114.59
4807,94.11
4808,104.58
4809,91.3
4810,110.42
4811,146.54
4812,153.88
4813,176.44
4814,242.69
4815,244.35
4816,262.37
4817,271.09
4818,662.12
4819,783.42
4820,709.94
4821,408.26
4822,350.88
4823,185.38
4824,153.79
4825,165.49
4826,147.25
4827,132.19
4828,125.91
4829,120.2
4830,186.72
4831,231.61
4832,234.19
4833,164.85
4834,132.82
4835,231.69
4836,247.33
4837,376.79
4838,421.57
4839,377.92
4840,280.17
4841,236.07
4842,205.73
4843,196.59
4844,224.93
4845,233.69
4846,207.65
4847,181.36
4848,205.07
4849,300.24
4850,309.6
4851,201.68
4852,187.32
4853,183.54
4854,263.83
4855,273.51
4856,152.88
4857,204.25
4858,176.81
4859,110.94
4860,112.46
4861,125.76
4862,169.26
4863,172.63
4864,194.29
4865,252.72
4866,185.66
4867,180.71
4868,182.13
4869,160.41
4870,121.7
4871,113.93
4872,115.05
4873,110.18
4874,131.7
4875,109.73
4876,91.31
4877,87.39
4878,87.31
4879,84.9
4880,82.57
4881,80.19
4882,83.1
4883,80.51
4884,84.69
4885,91.7
4886,97.2
4887,100.89
4888,144.77
4889,172.98
4890,165.08
4891,392.03
4892,274.24
4893,172.57
4894,131.63
4895,99.46
4896,96.8
4897,92.21
4898,87.7
4899,76.63
4900,76.96
4901,71.96
4902,72.02
4903,71.52
4904,75.45
4905,73.78
4906,78.77
4907,104.54
4908,149.46
4909,170.17
4910,158.65
4911,160.67
4912,206.38
4913,172.25
4914,362.36
4915,519.5
4916,278.5
4917,282.65
4918,226.08
4919,119.24
4920,103.3
4921,118.63
4922,113.69
4923,94.39
4924,90.32
4925,86.71
4926,106.52
4927,159.78
4928,127.37
4929,138.57
4930,140.51
4931,186.13
4932,165.96
4933,143.75
4934,122.8
4935,89.55
4936,81.81
4937,94.79
4938,151.96
4939,160.97
4940,139.9
4941,116
4942,108.11
4943,93.13
4944,79.4
4945,81.8
4946,89.72
4947,75.92
4948,73.5
4949,70.66
4950,72.43
4951,75.87
4952,72.04
4953,69.7
4954,67.27
4955,64.11
4956,65.79
4957,68.26
4958,68.41
4959,65.8
4960,65.61
4961,67.28
4962,66.11
4963,68.89
4964,69.34
4965,66.8
4966,64.52
4967,62.75
4968,58.01
4969,59
4970,63.38
4971,59.62
4972,56.93
4973,58.45
4974,55.42
4975,56.59
4976,66.44
4977,61.34
4978,59.1
4979,67.42
4980,67.62
4981,68.85
4982,74.27
4983,81.12
4984,81.15
4985,82.19
4986,94.06
4987,95.16
4988,81.31
4989,83.29
4990,84.5
4991,79.5
4992,70.74
4993,71.06
4994,70.03
4995,68.18
4996,67.01
4997,68.06
4998,71.3
4999,82.94
5000,71.51
5001,73.79
5002,83.54
5003,74.47
5004,92.06
5005,124.97
5006,152.66
5007,154.86
5008,136.94
5009,335.02
5010,356.71
5011,398.49
5012,247.76
5013,260.22
5014,124.59
5015,105.72
5016,91.81
5017,121.33
5018,103.57
5019,125.93
5020,96.4
5021,96.62
5022,95.09
5023,120.86
5024,101.38
5025,103.83
5026,103.22
5027,83.76
5028,87.05
5029,89.38
5030,101.94
5031,105.27
5032,97.97
5033,119.07
5034,104.22
5035,98.76
5036,116.97
5037,109.02
5038,120.26
5039,115.22
5040,139.9
5041,123.51
5042,113.43
5043,142
5044,178.95
5045,118.96
5046,116.91
5047,102.14
5048,94.17
5049,91.5
5050,90.91
5051,86.53
5052,88.48
5053,81.85
5054,76.85
5055,81.09
5056,86.2
5057,105.63
5058,107.62
5059,112.72
5060,105.4
5061,81.26
5062,85.8
5063,99.35
5064,70.46
5065,62.56
5066,61.71
5067,60.22
5068,59.29
5069,59.74
5070,58.5
5071,55.77
5072,53.79
5073,53.85
5074,-12.05
5075,51.28
5076,59.04
5077,61.03
5078,62.62
5079,66.92
5080,71.58
5081,70.47
5082,76.19
5083,73.29
5084,75.75
5085,71.73
5086,84.68
5087,74.47
5088,68.57
5089,64.74
5090,60.85
5091,60.12
5092,61.06
5093,62.78
5094,64.75
5095,62.31
5096,62.75
5097,70
5098,67.4
5099,64.37
5100,64.49
5101,67.59
5102,72.54
5103,70.33
5104,69.51
5105,65.7
5106,65
5107,68.71
5108,74.52
5109,73.42
5110,65.84
5111,61.09
5112,57.67
5113,57.47
5114,57.65
5115,56.77
5116,56.72
5117,55.81
5118,55.55
5119,56.65
5120,59.38
5121,62.6
5122,59.93
5123,61.66
5124,62
5125,75.54
5126,106.73
5127,113.4
5128,97.87
5129,113.57
5130,134.35
5131,126.24
5132,119.41
5133,114.84
5134,106.93
5135,104.29
5136,109.71
5137,100.22
5138,81.47
5139,71.89
5140,70.53
5141,67.29
5142,74.27
5143,74.43
5144,75.71
5145,100.44
5146,112.11
5147,123.22
5148,78.33
5149,87.39
5150,106.62
5151,117.56
5152,142.41
5153,170.25
5154,263.56
5155,339.34
5156,236.98
5157,182.98
5158,102.86
5159,92.77
5160,73.27
5161,83.09
5162,72.87
5163,65.67
5164,63.83
5165,63.81
5166,64.66
5167,67.16
5168,61.9
5169,67.73
5170,74.96
5171,76.47
5172,90.42
5173,136.05
5174,218.1
5175,236.37
5176,218.4
5177,234.55
5178,217
5179,258.81
5180,247.77
5181,215.39
5182,137.45
5183,93.59
5184,100.04
5185,143.56
5186,189.35
5187,139.08
5188,117.08
5189,114.26
5190,146
5191,116.69
5192,101.74
5193,87.56
5194,89.89
5195,86.32
5196,100.62
5197,120.9
5198,142.98
5199,129.93
5200,143.16
5201,169.83
5202,128.49
5203,130.11
5204,134.32
5205,131.39
5206,113.66
5207,101.41
5208,86.38
5209,88.86
5210,88.72
5211,90.53
5212,82.64
5213,76.53
5214,79.35
5215,76.52
5216,75.07
5217,79.9
5218,84.75
5219,83.82
5220,109.82
5221,116.74
5222,131.82
5223,153.6
5224,131.55
5225,161.05
5226,250.05
5227,247.1
5228,208.98
5229,142.41
5230,165.78
5231,138.72
5232,114.76
5233,114.95
5234,110.53
5235,134.29
5236,127.35
5237,94
5238,94.16
5239,86.67
5240,89.27
5241,112.06
5242,132.3
5243,115.98
5244,124.49
5245,121.22
5246,136.75
5247,133.23
5248,149.73
5249,170.85
5250,139.2
5251,169.85
5252,136.69
5253,153.25
5254,124.27
5255,122.53
5256,130.92
5257,146.51
5258,115.75
5259,114.78
5260,88.8
5261,91.93
5262,144.91
5263,125
5264,94.46
5265,124.5
5266,171.55
5267,207.16
5268,250.68
5269,297.08
5270,367.7
5271,250.73
5272,167.57
5273,260.39
5274,276.14
5275,324.79
5276,292.4
5277,277.13
5278,215.62
5279,139.74
5280,110.61
5281,105.53
5282,107.96
5283,139.47
5284,128.26
5285,148.15
5286,312.66
5287,239.13
5288,205.3
5289,288.54
5290,163.34
5291,131.17
5292,275.56
5293,345.02
5294,287.81
5295,228.73
5296,214.88
5297,208
5298,215.24
5299,249.28
5300,249.88
5301,175.49
5302,114.47
5303,102.54
5304,104.55
5305,94.02
5306,106.98
5307,111.84
5308,133.31
5309,88.69
5310,85.87
5311,95.16
5312,92.43
5313,88.99
5314,84.44
5315,107.7
5316,77.96
5317,73.9
5318,72.8
5319,82.23
5320,85.5
5321,115.8
5322,127.74
5323,120.68
5324,114.57
5325,103.51
5326,76.7
5327,67.58
5328,68.49
5329,66.65
5330,67.01
5331,66.48
5332,66.3
5333,70.79
5334,129.84
5335,115.16
5336,128.36
5337,129.11
5338,78.99
5339,70.28
5340,72.7
5341,72.49
5342,76.35
5343,75.14
5344,77.06
5345,72.76
5346,82.46
5347,89.61
5348,91.18
5349,98.59
5350,89.12
5351,81.67
5352,78.64
5353,76.44
5354,76.88
5355,65.85
5356,62.23
5357,60.5
5358,63.88
5359,65.6
5360,69.25
5361,58.91
5362,58.01
5363,55.08
5364,55.13
5365,57.04
5366,59.93
5367,62.12
5368,66.37
5369,64.34
5370,74.25
5371,89.61
5372,91.18
5373,98.59
5374,89.12
5375,81.67
5376,78.64
5377,55.55
5378,60.82
5379,63.77
5380,62.43
5381,65.66
5382,65.44
5383,72.72
5384,67.16
5385,59.4
5386,53.45
5387,55.09
5388,58.48
5389,61.84
5390,59.8
5391,58.57
5392,58.36
5393,58.24
5394,59.64
5395,59.69
5396,59.14
5397,73.56
5398,57.99
5399,54.37
5400,55.13
5401,59.63
5402,68.77
5403,63.19
5404,62.44
5405,60.36
5406,60.07
5407,62.01
5408,65.14
5409,63.42
5410,54.41
5411,53.61
5412,52.48
5413,57.16
5414,57.47
5415,59.68
5416,61.55
5417,63.29
5418,67.47
5419,72.73
5420,84.3
5421,87.28
5422,72.86
5423,65.93
5424,59.69
5425,68.46
5426,63.03
5427,62.53
5428,62.64
5429,61.56
5430,63.36
5431,63.16
5432,60.96
5433,62.39
5434,64.92
5435,62.45
5436,63.57
5437,64.79
5438,66.79
5439,70.58
5440,71.41
5441,84.26
5442,113.24
5443,100.87
5444,69.22
5445,85.45
5446,75.11
5447,66.4
5448,64.48
5449,61.58
5450,81.27
5451,79.01
5452,69.67
5453,69.13
5454,65.25
5455,60.45
5456,64.67
5457,64.93
5458,65.74
5459,62.07
5460,60.85
5461,59.93
5462,62.31
5463,65.08
5464,70.54
5465,91.87
5466,88.97
5467,84.79
5468,84.15
5469,86.11
5470,84.81
5471,78.05
5472,97.42
5473,94.73
5474,81.01
5475,74.23
5476,68.65
5477,70.39
5478,71.1
5479,64.4
5480,73.22
5481,85.41
5482,89.02
5483,93.05
5484,94.52
5485,89.7
5486,98.81
5487,101.95
5488,83.66
5489,82.08
5490,80.72
5491,81.58
5492,100.12
5493,97.74
5494,77.21
5495,98.71
5496,106.66
5497,92.5
5498,88.93
5499,72.19
5500,72.17
5501,71.36
5502,72.32
5503,70.08
5504,72.51
5505,71.67
5506,71.28
5507,72.49
5508,79.75
5509,103.22
5510,89.23
5511,102.58
5512,90.33
5513,100.71
5514,107.5
5515,84.98
5516,76.22
5517,91.87
5518,84.64
5519,68.55
5520,66.27
5521,64.16
5522,71.96
5523,66.4
5524,64.78
5525,64.93
5526,67.46
5527,63.05
5528,67.23
5529,69.46
5530,65.31
5531,66.52
5532,65.28
5533,67.31
5534,69.29
5535,71.23
5536,74.5
5537,96.75
5538,152.62
5539,157.5
5540,94.48
5541,86.68
5542,81.8
5543,70.55
5544,67.35
5545,66.85
5546,66.6
5547,66.02
5548,65.42
5549,63.17
5550,63.71
5551,63.05
5552,62
5553,62.76
5554,60.74
5555,60.3
5556,62.93
5557,67.51
5558,78.39
5559,78.72
5560,87
5561,87.15
5562,115.56
5563,110.16
5564,108.44
5565,99.07
5566,91.02
5567,83.21
5568,76.02
5569,69.75
5570,80.01
5571,82.62
5572,78.16
5573,95.12
5574,96.25
5575,113.56
5576,99.56
5577,83.98
5578,77.83
5579,68.15
5580,68.5
5581,71.72
5582,72.79
5583,81.02
5584,86.26
5585,76.3
5586,83.23
5587,94.61
5588,86.91
5589,84.53
5590,74.5
5591,75.66
5592,79.21
5593,73.04
5594,71.33
5595,73.9
5596,70.41
5597,69.7
5598,81.81
5599,106.26
5600,110.96
5601,112.32
5602,109.64
5603,116.92
5604,120.13
5605,122.25
5606,99.35
5607,120.51
5608,75.03
5609,73.99
5610,87.2
5611,84.91
5612,78.91
5613,92.05
5614,79.49
5615,84.83
5616,99.75
5617,86.04
5618,85.07
5619,84.3
5620,77.48
5621,83.07
5622,115.15
5623,83.99
5624,87.2
5625,94.3
5626,115.86
5627,119.71
5628,93.42
5629,80.92
5630,95.27
5631,95.53
5632,94.46
5633,84.43
5634,76.04
5635,78.79
5636,78.76
5637,81.95
5638,78.05
5639,87.71
5640,78.2
5641,73.51
5642,75.9
5643,69.11
5644,66.81
5645,66.95
5646,67.93
5647,74.71
5648,76.46
5649,72.97
5650,71.87
5651,75.67
5652,79.5
5653,79.41
5654,78.38
5655,80.43
5656,88.51
5657,104.94
5658,129.37
5659,185.49
5660,104.09
5661,98.53
5662,97.38
5663,88.57
5664,75.63
5665,79.24
5666,102.82
5667,79.05
5668,71.92
5669,70.17
5670,78.62
5671,77.49
5672,78.08
5673,77.5
5674,85.9
5675,74.66
5676,81.12
5677,84.68
5678,111.43
5679,120.86
5680,127.56
5681,141.9
5682,159.67
5683,156.99
5684,121.67
5685,115.52
5686,101.24
5687,87.81
5688,81.41
5689,90.42
5690,83.17
5691,74.69
5692,75.25
5693,78.62
5694,79.51
5695,82.54
5696,74.99
5697,74.1
5698,84.06
5699,83.65
5700,80.69
5701,105.77
5702,142.66
5703,155.08
5704,182.46
5705,109.08
5706,94.12
5707,97.27
5708,109.27
5709,121.17
5710,123.27
5711,80.01
5712,72.9
5713,73.97
5714,84.83
5715,91.58
5716,82.33
5717,77.47
5718,75.07
5719,76.38
5720,76.32
5721,78.19
5722,84.07
5723,72.91
5724,90.05
5725,74.71
5726,71.44
5727,73.96
5728,74.39
5729,100.78
5730,121.39
5731,122.87
5732,114.75
5733,105.88
5734,98.33
5735,75.13
5736,93.9
5737,85.14
5738,77.2
5739,69.25
5740,71.05
5741,72.95
5742,71.95
5743,75.58
5744,67.52
5745,68.63
5746,68.77
5747,69.01
5748,70.32
5749,68.32
5750,68.64
5751,69.43
5752,74.54
5753,109.18
5754,120.12
5755,132.97
5756,131.63
5757,107.54
5758,83.22
5759,74.58
5760,76.19
5761,91.9
5762,70.15
5763,70.47
5764,64.57
5765,65.34
5766,77.17
5767,75.62
5768,80.63
5769,76
5770,70.94
5771,72.02
5772,72.7
5773,81.63
5774,83.64
5775,110.61
5776,121.49
5777,216.95
5778,233.79
5779,174.28
5780,126.59
5781,117.62
5782,109.35
5783,115.2
5784,84.21
5785,82.31
5786,89.92
5787,72.74
5788,69.37
5789,68.64
5790,73.62
5791,101.7
5792,85.78
5793,74.18
5794,73.03
5795,75.24
5796,76.88
5797,92.64
5798,122.99
5799,139.23
5800,191.45
5801,158.58
5802,175.29
5803,114
5804,113.29
5805,110.37
5806,101.64
5807,81.01
5808,66.74
5809,74.92
5810,80.22
5811,76.16
5812,77.27
5813,71.68
5814,72.98
5815,75.89
5816,78.05
5817,70.34
5818,67.38
5819,67.64
5820,67.82
5821,70.26
5822,71.59
5823,74.95
5824,74.47
5825,76.7
5826,77.55
5827,93.08
5828,81.54
5829,76.37
5830,67.32
5831,65.39
5832,68.32
5833,67.39
5834,65.81
5835,62.58
5836,60.64
5837,60.62
5838,61.64
5839,61.12
5840,61.4
5841,62.99
5842,61.13
5843,62.77
5844,62.89
5845,60.99
5846,60.8
5847,62.89
5848,63.94
5849,71.68
5850,86.63
5851,92.67
5852,87.18
5853,70.55
5854,64.82
5855,65.78
5856,71.3
5857,80.74
5858,84.42
5859,72.38
5860,65.05
5861,68.47
5862,73.83
5863,78.55
5864,66.46
5865,65.37
5866,64.49
5867,61.54
5868,62.17
5869,61.66
5870,60.17
5871,62.87
5872,65.86
5873,79.55
5874,111.51
5875,120.03
5876,102.1
5877,95.91
5878,73.52
5879,66.91
5880,62.82
5881,62.13
5882,62.19
5883,62.94
5884,59.13
5885,59.22
5886,58.95
5887,58.12
5888,58.6
5889,57.71
5890,59.26
5891,54.63
5892,52.12
5893,52.56
5894,52.94
5895,52.98
5896,57.5
5897,58.66
5898,60.56
5899,63.07
5900,63.36
5901,63.9
5902,61.12
5903,59.46
5904,59.11
5905,61.87
5906,65.14
5907,78.67
5908,64.4
5909,62.19
5910,66.81
5911,57.03
5912,56.24
5913,55.35
5914,55.7
5915,58.19
5916,60.91
5917,66.32
5918,78.42
5919,90.92
5920,90.53
5921,111.82
5922,122.61
5923,105.97
5924,97.52
5925,95.76
5926,86.26
5927,95.53
5928,96.88
5929,87.16
5930,81.98
5931,82.55
5932,76.25
5933,85.73
5934,84.83
5935,79.74
5936,70.54
5937,69.46
5938,111.77
5939,134.46
5940,130.15
5941,134.65
5942,126.6
5943,135.5
5944,156.6
5945,149.59
5946,151.17
5947,129.47
5948,102.65
5949,84.92
5950,121.18
5951,149.71
5952,97.2
5953,90.6
5954,81.78
5955,70.35
5956,71.94
5957,79.55
5958,195.87
5959,161.92
5960,106.44
5961,100.71
5962,89.03
5963,93.92
5964,126.56
5965,121.18
5966,93.8
5967,91.1
5968,77
5969,71.34
5970,71.74
5971,71.18
5972,72.44
5973,77
5974,67.85
5975,62.84
5976,70.95
5977,62.53
5978,65.63
5979,64.17
5980,63.32
5981,60.26
5982,62.13
5983,63.35
5984,63.37
5985,63.91
5986,63.18
5987,59.18
5988,58.7
5989,59.68
5990,58.06
5991,58.83
5992,62.23
5993,60.62
5994,59.57
5995,61.99
5996,66.3
5997,67.14
5998,60.15
5999,56.47
6000,56.01
6001,54.74
6002,54.55
6003,52.45
6004,52.39
6005,51.78
6006,51.87
6007,58.06
6008,80.29
6009,64.48
6010,61.92
6011,59.26
6012,58.91
6013,55.17
6014,54.88
6015,57.58
6016,58.38
6017,65.36
6018,75.88
6019,74.9
6020,66.87
6021,63.37
6022,57.88
6023,55.38
6024,53.12
6025,52.4
6026,52.45
6027,51.34
6028,51.79
6029,52.1
6030,49.71
6031,53.08
6032,53.03
6033,51.96
6034,49.43
6035,48.84
6036,49.3
6037,50.16
6038,50.18
6039,56.6
6040,60.2
6041,71.16
6042,80.84
6043,79.96
6044,85.19
6045,73.68
6046,68.79
6047,64.48
6048,60.3
6049,71.04
6050,91.42
6051,83.79
6052,72.96
6053,73.7
6054,70.25
6055,74.97
6056,70.79
6057,71.16
6058,57.42
6059,56.44
6060,53.73
6061,56.41
6062,57.29
6063,57.13
6064,59.42
6065,65.56
6066,80.94
6067,89.37
6068,77.24
6069,83.22
6070,62.78
6071,59.48
6072,81.63
6073,66.02
6074,61.43
6075,58.52
6076,60.93
6077,60.73
6078,61.44
6079,59.15
6080,59.6
6081,63.11
6082,55.51
6083,58.95
6084,88.7
6085,81.6
6086,82.36
6087,65.39
6088,64.98
6089,63.53
6090,65.44
6091,67.14
6092,69.23
6093,90.33
6094,72.7
6095,69.53
6096,75.25
6097,76.36
6098,62.78
6099,60.69
6100,61.68
6101,65.63
6102,68.02
6103,69.25
6104,59.6
6105,73.23
6106,64.51
6107,62.09
6108,63.19
6109,62.31
6110,63.82
6111,67.11
6112,69.46
6113,76.1
6114,86.74
6115,104.39
6116,94.16
6117,82.45
6118,79.07
6119,66.93
6120,68.04
6121,68.46
6122,67.34
6123,64.06
6124,62.73
6125,64.09
6126,63.8
6127,66.32
6128,71.34
6129,83.25
6130,82.95
6131,77.69
6132,65.05
6133,66.31
6134,69.78
6135,67.11
6136,69.46
6137,70.21
6138,82.25
6139,92.46
6140,88.59
6141,85.1
6142,75.74
6143,62.21
6144,62.4
6145,69.66
6146,92
6147,73.19
6148,60.81
6149,60.02
6150,64.44
6151,64.27
6152,71.32
6153,60.21
6154,57.17
6155,58.06
6156,57.51
6157,60.14
6158,60.68
6159,60.84
6160,63.87
6161,72.57
6162,84.7
6163,95.53
6164,93.62
6165,77.84
6166,73.09
6167,74.17
6168,65.21
6169,75.43
6170,76.03
6171,63.96
6172,61.33
6173,61.33
6174,70.4
6175,98.47
6176,87.64
6177,63.03
6178,54.48
6179,51.43
6180,51.12
6181,50.98
6182,51.14
6183,51.67
6184,54.86
6185,75.06
6186,105.29
6187,108.03
6188,104.6
6189,82.25
6190,67.51
6191,54.53
6192,54.71
6193,53.62
6194,54.02
6195,53.25
6196,54.13
6197,55.6
6198,54.96
6199,63.75
6200,64.89
6201,61.72
6202,53.86
6203,51.93
6204,50.22
6205,49.37
6206,49.88
6207,48.68
6208,51.69
6209,54.15
6210,62.28
6211,77.39
6212,82.13
6213,66.14
6214,61.19
6215,57.88
6216,53.59
6217,52.88
6218,49.65
6219,53.91
6220,51.18
6221,49.8
6222,50.07
6223,63.48
6224,76.09
6225,52.32
6226,51.25
6227,45.5
6228,44.86
6229,46.49
6230,45.21
6231,42.16
6232,42
6233,48.98
6234,53.22
6235,56.22
6236,55.88
6237,51.32
6238,48.32
6239,47.64
6240,44.3
6241,43.69
6242,43.46
6243,45.8
6244,44.54
6245,49.75
6246,50.42
6247,50.5
6248,53.12
6249,54.12
6250,51.06
6251,48.54
6252,48.15
6253,48.73
6254,54.88
6255,60.02
6256,72.37
6257,83.65
6258,95.44
6259,109.14
6260,107.41
6261,99
6262,95.96
6263,93.71
6264,79.37
6265,65.14
6266,63.09
6267,59.07
6268,60.11
6269,64.79
6270,62.53
6271,65.32
6272,70.29
6273,70.24
6274,69.51
6275,68.5
6276,67.61
6277,68.98
6278,68.42
6279,68.01
6280,71.55
6281,75
6282,76.51
6283,70.43
6284,107.41
6285,70.27
6286,65.06
6287,62.48
6288,64.39
6289,61.84
6290,60.76
6291,58.83
6292,55.91
6293,55.33
6294,53.98
6295,57.9
6296,60.61
6297,64.15
6298,62.05
6299,57.9
6300,58.29
6301,57.53
6302,61.33
6303,61.99
6304,64.54
6305,69.86
6306,72.69
6307,80.72
6308,86.84
6309,70.85
6310,60.02
6311,58.61
6312,54.99
6313,55.68
6314,54.21
6315,51.91
6316,52.14
6317,53.55
6318,53.93
6319,61.38
6320,87.24
6321,85.6
6322,62.54
6323,68.92
6324,87.73
6325,57.53
6326,72.91
6327,60.23
6328,57.64
6329,55.16
6330,63.67
6331,74.17
6332,85.17
6333,73.47
6334,62.28
6335,55.84
6336,52.73
6337,52.9
6338,53.38
6339,49.75
6340,48.78
6341,49.95
6342,54.22
6343,76.24
6344,102.02
6345,139.56
6346,138.34
6347,137.29
6348,135.15
6349,122.05
6350,120.13
6351,76.86
6352,57.36
6353,55.89
6354,55.88
6355,62.84
6356,66.55
6357,65.12
6358,52.48
6359,50.72
6360,52.42
6361,51.82
6362,48.16
6363,47.89
6364,45.35
6365,46.62
6366,48.68
6367,49.4
6368,51.73
6369,45.91
6370,42.61
6371,40.46
6372,37.41
6373,8.85
6374,1.66
6375,5.74
6376,29.61
6377,30.64
6378,41.38
6379,43.28
6380,41.82
6381,41.34
6382,33.2
6383,35.65
6384,30.39
6385,29.36
6386,28.66
6387,20.82
6388,20.07
6389,20.92
6390,21.63
6391,22.95
6392,29.77
6393,21.97
6394,9.26
6395,-9.23
6396,-39.4
6397,-38.31
6398,-12.19
6399,5.66
6400,-2.04
6401,22.85
6402,30.5
6403,42
6404,47.38
6405,33.12
6406,30.13
6407,28.15
6408,23.25
6409,21.83
6410,25.62
6411,25.35
6412,23.91
6413,23.39
6414,24.97
6415,26.11
6416,25.98
6417,33.73
6418,34.46
6419,36.23
6420,35.52
6421,35.6
6422,36.97
6423,44.72
6424,47.82
6425,44.44
6426,51.48
6427,50.4
6428,55.83
6429,55.64
6430,47.56
6431,42.53
6432,39.92
6433,45.24
6434,38.96
6435,41.53
6436,38.79
6437,38.51
6438,43.77
6439,57.46
6440,67.34
6441,56.06
6442,41.65
6443,40.65
6444,40.47
6445,41.21
6446,45.69
6447,45.86
6448,50.04
6449,52.54
6450,63.01
6451,79.29
6452,73.62
6453,69.62
6454,44.61
6455,38.43
6456,37.89
6457,45.47
6458,43.03
6459,42.06
6460,43.47
6461,46.92
6462,46.54
6463,69.4
6464,57.86
6465,50.48
6466,46.33
6467,40.08
6468,37.78
6469,36.47
6470,37.54
6471,39.96
6472,40.36
6473,45.9
6474,51.41
6475,58.42
6476,52.46
6477,50.64
6478,44.34
6479,41.76
6480,38.12
6481,42.39
6482,39.64
6483,39.72
6484,41.7
6485,43.49
6486,43.15
6487,53.82
6488,56.06
6489,43.91
6490,36.93
6491,42.5
6492,43.36
6493,44.22
6494,46.49
6495,46.45
6496,45
6497,49.82
6498,61.17
6499,58.14
6500,55.3
6501,52.68
6502,44.49
6503,42.89
6504,41.24
6505,41.47
6506,41.11
6507,38.69
6508,39.45
6509,39.59
6510,40.82
6511,43.62
6512,49.19
6513,43.09
6514,39.41
6515,40.88
6516,42.02
6517,41.41
6518,42.49
6519,42.02
6520,41.55
6521,43.51
6522,46.95
6523,50.88
6524,54.5
6525,46.23
6526,43.66
6527,40.95
6528,42.23
6529,39.29
6530,40.8
6531,40.07
6532,38.53
6533,41.08
6534,43.58
6535,47.42
6536,59.72
6537,54.09
6538,43.32
6539,39.97
6540,39.37
6541,39.31
6542,39.73
6543,39.93
6544,41.66
6545,51.94
6546,55.31
6547,71.46
6548,58.61
6549,50.16
6550,46.22
6551,39.31
6552,42.23
6553,39.29
6554,40.8
6555,40.04
6556,41.16
6557,41.21
6558,43.95
6559,36.9
6560,46.53
6561,66.18
6562,67.33
6563,77.72
6564,40.94
6565,39.29
6566,34.98
6567,35.02
6568,39.1
6569,52.08
6570,50.8
6571,48.85
6572,48.1
6573,43.01
6574,37.04
6575,40.96
6576,39.61
6577,43.26
6578,44.89
6579,51.2
6580,52.6
6581,49.56
6582,49.19
6583,42.26
6584,38.74
6585,44.96
6586,44.72
6587,33.59
6588,34
6589,33.11
6590,33.36
6591,33.8
6592,36.96
6593,66.83
6594,78.78
6595,65.83
6596,63.27
6597,59.89
6598,36.55
6599,37.47
6600,42.31
6601,50.15
6602,40.72
6603,40.55
6604,49.16
6605,55.04
6606,64.18
6607,69.19
6608,85.1
6609,77.08
6610,77.62
6611,77.87
6612,49.89
6613,45.41
6614,71.37
6615,78.01
6616,73.69
6617,74.13
6618,77.73
6619,99.91
6620,79.47
6621,74.73
6622,65.43
6623,42.74
6624,46.49
6625,48.17
6626,46.22
6627,44.76
6628,45.26
6629,46.14
6630,46.43
6631,64.97
6632,84.58
6633,84.99
6634,81.25
6635,62.96
6636,68.2
6637,54.81
6638,51.69
6639,54.86
6640,58.42
6641,60.47
6642,73.26
6643,79.21
6644,70.25
6645,90.37
6646,68.02
6647,66.83
6648,48.58
6649,43.91
6650,43.78
6651,44.36
6652,42.57
6653,43.83
6654,44.33
6655,43.5
6656,47.38
6657,63.58
6658,67.13
6659,77.15
6660,59.04
6661,53.53
6662,53.3
6663,60.44
6664,64.36
6665,69.28
6666,75.06
6667,65.35
6668,75.95
6669,69.43
6670,74.65
6671,72.01
6672,65.62
6673,67.25
6674,56.27
6675,52.97
6676,56.25
6677,56.08
6678,68.85
6679,108.05
6680,95.96
6681,87.63
6682,66.13
6683,54.82
6684,50.3
6685,49.96
6686,47.37
6687,49.3
6688,49.63
6689,56.52
6690,90.26
6691,74.62
6692,60.5
6693,64.7
6694,59.14
6695,55.24
6696,50.81
6697,53.18
6698,53.32
6699,50.2
6700,48.26
6701,48.68
6702,52.8
6703,58.52
6704,96.57
6705,75
6706,52.39
6707,48.6
6708,49.04
6709,48.49
6710,48.66
6711,53.12
6712,81.01
6713,91.62
6714,89.46
6715,93.91
6716,73.08
6717,63.45
6718,83.33
6719,79.42
6720,49
6721,60.85
6722,62.01
6723,53.59
6724,52.13
6725,59.05
6726,49.72
6727,53.78
6728,91.69
6729,66.14
6730,32.86
6731,38.64
6732,24.07
6733,11.94
6734,15.42
6735,-7.87
6736,35.27
6737,41.3
6738,60.37
6739,77.94
6740,58.84
6741,60.81
6742,57.39
6743,44.39
6744,41.56
6745,38.69
6746,36.94
6747,38.4
6748,39.42
6749,42.09
6750,41.94
6751,65.28
6752,55.67
6753,38.9
6754,35.66
6755,44.09
6756,37.55
6757,28.67
6758,37.55
6759,45.56
6760,46.31
6761,84.09
6762,60.39
6763,67.82
6764,77.86
6765,58.62
6766,46.9
6767,44.24
6768,41.36
6769,43.56
6770,42.66
6771,41.56
6772,40.87
6773,29.21
6774,35.46
6775,52.8
6776,103.81
6777,116.61
6778,100.67
6779,94.66
6780,92.42
6781,88.37
6782,94.35
6783,94.64
6784,104.36
6785,105.77
6786,108.44
6787,119.12
6788,94.8
6789,92.56
6790,83.25
6791,96.7
6792,87.4
6793,56.27
6794,57.08
6795,57.11
6796,58.53
6797,58.66
6798,59.88
6799,91.56
6800,107.13
6801,66.64
6802,52.59
6803,50.25
6804,47.45
6805,42.49
6806,44.29
6807,46.05
6808,50.46
6809,71.85
6810,112.88
6811,120.24
6812,89.19
6813,74.77
6814,65.17
6815,60.78
6816,48.02
6817,59.04
6818,46.15
6819,48.19
6820,47.76
6821,48.46
6822,51.23
6823,77.42
6824,101.15
6825,68.89
6826,50.87
6827,44.95
6828,44.25
6829,46.9
6830,47.65
6831,46.02
6832,47.63
6833,73.08
6834,71.86
6835,81.06
6836,88.56
6837,76.35
6838,77.04
6839,54.29
6840,49.62
6841,42.03
6842,43.3
6843,40.18
6844,37.96
6845,39.77
6846,34.92
6847,75.93
6848,91.03
6849,87.26
6850,78.86
6851,88.8
6852,89.8
6853,85.75
6854,66.53
6855,51.05
6856,55.03
6857,62.4
6858,67.51
6859,80.99
6860,58.48
6861,71.86
6862,62.66
6863,57.69
6864,46.11
6865,48.16
6866,41.09
6867,40.96
6868,41.59
6869,41.22
6870,44.13
6871,54.2
6872,83.81
6873,67.74
6874,58.04
6875,61.34
6876,47.93
6877,45.55
6878,44.54
6879,41.94
6880,44.14
6881,46.84
6882,48.08
6883,64.97
6884,55.33
6885,48.65
6886,48.29
6887,48.44
6888,43.8
6889,43.1
6890,41.37
6891,40.38
6892,41.62
6893,40.01
6894,38.12
6895,38.34
6896,40.1
6897,40.87
6898,40.52
6899,41.51
6900,39.96
6901,38.89
6902,37.81
6903,38.2
6904,38.74
6905,40.93
6906,59.11
6907,54.97
6908,48.57
6909,47.56
6910,40.6
6911,39.1
6912,38.97
6913,40.63
6914,38.5
6915,39.06
6916,39.78
6917,38.61
6918,40.94
6919,41.44
6920,57.51
6921,44.88
6922,37.75
6923,38.44
6924,37.2
6925,38.51
6926,38.74
6927,39.3
6928,41.81
6929,48.29
6930,63.67
6931,71.03
6932,73.98
6933,61.33
6934,46.97
6935,39.14
6936,40.07
6937,38.28
6938,37.1
6939,35.8
6940,36.7
6941,37.93
6942,38.43
6943,45.29
6944,58.82
6945,49.18
6946,50.4
6947,56.25
6948,85.43
6949,65.18
6950,68.56
6951,65.06
6952,52.89
6953,53.27
6954,50.47
6955,66.15
6956,56.66
6957,53.87
6958,49.84
6959,43.73
6960,40.89
6961,41.76
6962,39.13
6963,40.37
6964,41.49
6965,41.77
6966,41.32
6967,50.91
6968,62.3
6969,67.97
6970,55.38
6971,64.43
6972,68.96
6973,47.7
6974,44.36
6975,43.34
6976,42.91
6977,44.21
6978,51.12
6979,67.25
6980,60.48
6981,46.81
6982,47.59
6983,49.21
6984,41.41
6985,41.7
6986,40.19
6987,40.71
6988,38.35
6989,39.81
6990,41.55
6991,56.52
6992,68.16
6993,56.3
6994,39.67
6995,9.11
6996,31.78
6997,24.67
6998,34.22
6999,38.46
7000,40.67
7001,44.91
7002,51.8
7003,50.18
7004,52.46
7005,48.33
7006,43.39
7007,41.42
7008,38.07
7009,41.07
7010,38.29
7011,38.56
7012,35.13
7013,37.02
7014,42.78
7015,56.22
7016,72.02
7017,55.27
7018,44.85
7019,39.97
7020,-27.43
7021,17.76
7022,39.18
7023,31.96
7024,39.18
7025,42.66
7026,52.57
7027,53.89
7028,50.22
7029,50.04
7030,43.93
7031,41.96
7032,40.62
7033,38.64
7034,35.89
7035,38.04
7036,38.26
7037,40.57
7038,55.54
7039,63.4
7040,92.73
7041,70.35
7042,47.15
7043,38.13
7044,36.12
7045,36.07
7046,36.67
7047,37.31
7048,37.8
7049,55.04
7050,70.5
7051,62.02
7052,59.65
7053,54.34
7054,41.25
7055,39.15
7056,40.77
7057,37.01
7058,37.93
7059,40.08
7060,39.7
7061,39.86
7062,43.61
7063,47.56
7064,70.88
7065,72.72
7066,45.74
7067,36.95
7068,39.26
7069,39.22
7070,38.79
7071,41.77
7072,41.94
7073,43.22
7074,71.94
7075,69.35
7076,52.02
7077,58.51
7078,47.45
7079,41.26
7080,41.38
7081,39.84
7082,36.39
7083,38.5
7084,35.84
7085,43.24
7086,44.31
7087,32.35
7088,42.58
7089,50.35
7090,49.6
7091,42.29
7092,40.34
7093,40.22
7094,41.58
7095,59.48
7096,67.97
7097,72.69
7098,76.64
7099,86.23
7100,74.33
7101,70.67
7102,59.93
7103,58.55
7104,43.6
7105,39.03
7106,38.42
7107,34.9
7108,33.39
7109,34.09
7110,35.34
7111,47.47
7112,56.81
7113,67.5
7114,61.94
7115,59.71
7116,68.12
7117,65.43
7118,68.89
7119,71.05
7120,68.35
7121,66.02
7122,68.02
7123,86.05
7124,79.05
7125,65.75
7126,63.16
7127,53.51
7128,40.53
7129,40.69
7130,41.78
7131,42.91
7132,39.11
7133,35.82
7134,41.29
7135,46.01
7136,73.46
7137,56.59
7138,44.67
7139,43.63
7140,43.38
7141,44.13
7142,42.98
7143,43.35
7144,52.61
7145,60.59
7146,71.48
7147,67.19
7148,68.94
7149,70.15
7150,50.31
7151,40.18
7152,41.8
7153,39.37
7154,39.14
7155,39.03
7156,40.51
7157,40.29
7158,41.67
7159,41.04
7160,40.77
7161,52.75
7162,50.7
7163,55.52
7164,47.03
7165,42.09
7166,41.33
7167,40.36
7168,44.33
7169,47.3
7170,56.76
7171,64.1
7172,62.27
7173,62.89
7174,60.62
7175,49.49
7176,40.49
7177,48.49
7178,37.06
7179,34.1
7180,36.33
7181,38.13
7182,34.57
7183,38.93
7184,49.75
7185,40.83
7186,36.17
7187,38
7188,35.07
7189,33.52
7190,35.16
7191,35.48
7192,37.43
7193,37.42
7194,46.74
7195,60.34
7196,57.61
7197,51.85
7198,40.3
7199,38.26
7200,38.25
7201,37.5
7202,35.91
7203,35.84
7204,35.62
7205,37.07
7206,42.79
7207,52
7208,61.04
7209,60.43
7210,41.11
7211,40.49
7212,39.17
7213,40.62
7214,40.06
7215,37.83
7216,41.14
7217,53.88
7218,75.73
7219,73.94
7220,66.37
7221,64.81
7222,64.86
7223,62.67
7224,56.76
7225,56.9
7226,45.25
7227,44.14
7228,41.91
7229,44.45
7230,51.86
7231,70.77
7232,81.16
7233,60.71
7234,47.08
7235,38.39
7236,35.9
7237,35.64
7238,33.4
7239,32.37
7240,37.5
7241,49.05
7242,64.03
7243,63.38
7244,59.02
7245,59.92
7246,54.34
7247,62.62
7248,46.53
7249,34.3
7250,34.42
7251,57.37
7252,36.24
7253,37.6
7254,34.38
7255,32.69
7256,36.79
7257,50.29
7258,33.07
7259,34.31
7260,37.44
7261,48.68
7262,40.13
7263,37.9
7264,34.69
7265,50.55
7266,66.5
7267,65.31
7268,53.47
7269,46.35
7270,42.04
7271,38.19
7272,34.15
7273,37.59
7274,41.68
7275,37.18
7276,40.74
7277,39.27
7278,43.03
7279,61.17
7280,79.21
7281,56.07
7282,42.81
7283,40.48
7284,40.94
7285,42.95
7286,45.35
7287,46.36
7288,47.46
7289,67.38
7290,46.74
7291,46.51
7292,44.07
7293,46.46
7294,44.98
7295,44.38
7296,43.34
7297,35.92
7298,40.99
7299,42.81
7300,38.57
7301,40.29
7302,52.69
7303,47.98
7304,46.03
7305,54.57
7306,66.72
7307,73.08
7308,67.17
7309,68.01
7310,55.8
7311,47.83
7312,53.24
7313,53.53
7314,68.08
7315,67.06
7316,54.78
7317,44.99
7318,38.02
7319,36.86
7320,35.41
7321,34.33
7322,35.4
7323,33.05
7324,30.5
7325,34.61
7326,38.39
7327,48.82
7328,58.16
7329,45.51
7330,35.89
7331,34.02
7332,35.63
7333,36.74
7334,35.6
7335,36.35
7336,40.86
7337,60.36
7338,70.59
7339,69.1
7340,57.35
7341,48.6
7342,40.5
7343,42.53
7344,43.3
7345,36.85
7346,36.48
7347,36.37
7348,37.63
7349,36.51
7350,40.82
7351,58.66
7352,82
7353,72.68
7354,47.47
7355,33.83
7356,36.4
7357,37.66
7358,37.2
7359,43.16
7360,48.73
7361,61.14
7362,71.61
7363,71.38
7364,58.96
7365,51.42
7366,41.6
7367,38.85
7368,34.92
7369,32.06
7370,30.59
7371,31.7
7372,31.81
7373,33.09
7374,37.7
7375,48.22
7376,76.63
7377,62.74
7378,55.31
7379,44.43
7380,27.86
7381,27.95
7382,29.99
7383,28.7
7384,30.44
7385,49.83
7386,62.93
7387,52.49
7388,41.43
7389,31.84
7390,27.56
7391,23.42
7392,23.06
7393,18.96
7394,16.8
7395,13.38
7396,13.39
7397,12.23
7398,14.87
7399,17.43
7400,18.09
7401,19.57
7402,20.87
7403,17.16
7404,19.01
7405,19.2
7406,20.34
7407,23.83
7408,39.45
7409,36.86
7410,45.62
7411,42.77
7412,40.09
7413,47.13
7414,46.79
7415,44.04
7416,52.35
7417,26.67
7418,23.62
7419,18.15
7420,22.33
7421,22.99
7422,26.53
7423,27.93
7424,28.34
7425,19.58
7426,24.39
7427,25.14
7428,24.67
7429,39.13
7430,47.32
7431,43.09
7432,45.9
7433,43.82
7434,49.31
7435,64.65
7436,68.7
7437,60.99
7438,49.82
7439,69.45
7440,60
7441,63.55
7442,31.02
7443,30.43
7444,34.01
7445,37.81
7446,39.49
7447,59.46
7448,81
7449,34.6
7450,30.22
7451,30.75
7452,30.68
7453,37.39
7454,34.37
7455,40.6
7456,60.48
7457,66.58
7458,204.82
7459,86.33
7460,45.93
7461,31.18
7462,24.04
7463,19.07
7464,13.85
7465,21.18
7466,21.44
7467,21.04
7468,19.6
7469,21.03
7470,19.61
7471,20.52
7472,16.84
7473,4.49
7474,13.22
7475,27.46
7476,28.1
7477,27.6
7478,28.92
7479,32.55
7480,39.24
7481,54.56
7482,70.6
7483,68.03
7484,62.65
7485,49.47
7486,36.32
7487,30.62
7488,29.93
7489,31.02
7490,30.13
7491,30.26
7492,28.96
7493,27.59
7494,30.71
7495,49.1
7496,56.48
7497,41.8
7498,27.32
7499,29.35
7500,29.54
7501,29.48
7502,31.05
7503,36.86
7504,47.39
7505,50.57
7506,69.93
7507,61.95
7508,62.65
7509,46.34
7510,44.41
7511,36.71
7512,32.59
7513,25.86
7514,25.51
7515,25.52
7516,26.25
7517,26.39
7518,34.77
7519,38.08
7520,38.83
7521,31.92
7522,28.45
7523,25.37
7524,24.36
7525,24.61
7526,27.77
7527,32.31
7528,38.3
7529,45.17
7530,39.48
7531,47.03
7532,38.34
7533,33.54
7534,30.27
7535,26.16
7536,23.62
7537,25.96
7538,29.01
7539,28.22
7540,27.9
7541,30.37
7542,41.77
7543,34.16
7544,35.8
7545,34.73
7546,32.99
7547,43.54
7548,42.46
7549,54.07
7550,68.61
7551,59.77
7552,56.75
7553,58.5
7554,62.92
7555,56.15
7556,44.26
7557,41.6
7558,41.67
7559,36.17
7560,31.83
7561,36.83
7562,32
7563,30.87
7564,29.24
7565,29.8
7566,30.33
7567,32.22
7568,30.84
7569,30.61
7570,25.64
7571,26.36
7572,27.37
7573,28.61
7574,29.18
7575,28.32
7576,37.72
7577,34.34
7578,38.81
7579,43.95
7580,42.9
7581,29.17
7582,34.64
7583,27.38
7584,20.02
7585,22.45
7586,23.94
7587,19.16
7588,17.66
7589,22.31
7590,16.08
7591,19.03
7592,23.18
7593,31.62
7594,44.66
7595,43.72
7596,43.44
7597,36.88
7598,31.62
7599,32.6
7600,33.91
7601,39.51
7602,55.83
7603,48.48
7604,35.73
7605,30.93
7606,30.83
7607,32.08
7608,28.36
7609,22.82
7610,27.2
7611,25.49
7612,20.48
7613,21.35
7614,25.26
7615,49.72
7616,55.5
7617,32.37
7618,22.46
7619,29.23
7620,16.22
7621,8.7
7622,31.51
7623,35.2
7624,58.28
7625,85.52
7626,153.34
7627,131.81
7628,106.85
7629,74.34
7630,77.77
7631,62.92
7632,46.25
7633,52
7634,51.64
7635,51.86
7636,52.66
7637,57.87
7638,78.29
7639,113.46
7640,123.21
7641,73.49
7642,45.77
7643,49.67
7644,52.04
7645,52.9
7646,58.49
7647,80.35
7648,95.79
7649,124.24
7650,140.36
7651,84.97
7652,99.6
7653,80.39
7654,63.88
7655,60.13
7656,57.82
7657,53.37
7658,54.53
7659,50.33
7660,48.43
7661,50.52
7662,53.05
7663,64.45
7664,88.59
7665,90.86
7666,102.8
7667,105.65
7668,86.62
7669,80.79
7670,70.9
7671,60.62
7672,69.35
7673,94.83
7674,123.07
7675,96.79
7676,72.21
7677,62.41
7678,93.9
7679,55.71
7680,50.8
7681,48.66
7682,47.86
7683,45.75
7684,47.67
7685,48.23
7686,73.92
7687,97.78
7688,105.59
7689,76.75
7690,52.07
7691,64.24
7692,72.12
7693,61.86
7694,85.42
7695,72.74
7696,83.85
7697,101.67
7698,164.52
7699,109.27
7700,127.1
7701,114.34
7702,93.72
7703,83.6
7704,68.38
7705,60.61
7706,55.63
7707,54.47
7708,69.42
7709,67.47
7710,86.02
7711,64.62
7712,64.36
7713,69.85
7714,59.25
7715,62.56
7716,57.67
7717,57.39
7718,61.8
7719,67.68
7720,80.75
7721,102.05
7722,113.11
7723,119.89
7724,95.58
7725,82.37
7726,82.41
7727,80.86
7728,68.76
7729,77.25
7730,80.21
7731,85.74
7732,86.43
7733,77.34
7734,80.06
7735,106.62
7736,118.61
7737,75.9
7738,74.88
7739,75.35
7740,46.38
7741,67.07
7742,72.91
7743,80.44
7744,85.13
7745,88.95
7746,144.6
7747,130.81
7748,144.49
7749,126.56
7750,109.35
7751,110.63
7752,151.32
7753,151.38
7754,146.44
7755,145.51
7756,146.92
7757,134.69
7758,113.01
7759,108.22
7760,100.4
7761,92.29
7762,101.62
7763,98.97
7764,106.19
7765,142.43
7766,172.02
7767,193.18
7768,191.24
7769,254.51
7770,386.92
7771,348.44
7772,354.76
7773,284.47
7774,382.24
7775,288.45
7776,152.55
7777,171.29
7778,187.69
7779,214.42
7780,199.48
7781,210.89
7782,258.76
7783,410.17
7784,311.93
7785,203.73
7786,155.3
7787,145.05
7788,143.76
7789,149.84
7790,146.25
7791,160.18
7792,193.53
7793,222.02
7794,220.46
7795,257.26
7796,274.17
7797,233.85
7798,321.8
7799,231.09
7800,97.61
7801,88.79
7802,114.75
7803,115.27
7804,105
7805,94.79
7806,100.18
7807,183.83
7808,171.83
7809,106.22
7810,72.07
7811,75.9
7812,77.5
7813,73.02
7814,73.07
7815,74.36
7816,95.11
7817,110.67
7818,136.64
7819,101.18
7820,105.41
7821,88.45
7822,99.88
7823,86.46
7824,60.99
7825,57.49
7826,58.81
7827,58.45
7828,56.5
7829,54.03
7830,67.29
7831,103.21
7832,111.04
7833,103.43
7834,96.87
7835,68.26
7836,64.26
7837,63.32
7838,64.22
7839,82.52
7840,84.44
7841,89.25
7842,87.76
7843,79.98
7844,79.29
7845,78.96
7846,129.1
7847,108.11
7848,76.58
7849,55.58
7850,54.33
7851,55.29
7852,55.62
7853,58.6
7854,70.97
7855,93.5
7856,116.69
7857,73.62
7858,62.66
7859,59.43
7860,59.3
7861,59.05
7862,58.67
7863,63.9
7864,85.81
7865,83.32
7866,68.06
7867,61.67
7868,62.72
7869,65.23
7870,63.62
7871,98.92
7872,91.08
7873,70.21
7874,65.27
7875,86.81
7876,88.03
7877,79.83
7878,89
7879,58
7880,67.3
7881,84.4
7882,103.34
7883,116.1
7884,124.75
7885,122.73
7886,92.85
7887,75.33
7888,69.01
7889,95.76
7890,102.93
7891,98.59
7892,89.78
7893,57.66
7894,60.49
7895,57.16
7896,65.26
7897,61.17
7898,58.18
7899,54.96
7900,54.93
7901,58.74
7902,54.48
7903,54.24
7904,52.9
7905,47.13
7906,42.29
7907,45.56
7908,44.32
7909,43.41
7910,45.8
7911,49.19
7912,61.91
7913,94.62
7914,114.31
7915,107.39
7916,91.87
7917,80.35
7918,63.02
7919,54.85
7920,48.52
7921,49.33
7922,49.52
7923,58.04
7924,56.03
7925,50.96
7926,63.68
7927,55
7928,58.27
7929,57.26
7930,61.35
7931,61.51
7932,60.05
7933,67.07
7934,83.87
7935,101.74
7936,113.16
7937,105.32
7938,79.67
7939,97.5
7940,93.67
7941,64.68
7942,59.33
7943,58.44
7944,53.19
7945,54.47
7946,53.62
7947,55.82
7948,56.4
7949,57.98
7950,58.31
7951,57.97
7952,71.64
7953,70.01
7954,66
7955,57.84
7956,54.51
7957,54.03
7958,54.35
7959,53.62
7960,70.88
7961,76.59
7962,101.05
7963,83.78
7964,82.35
7965,64.07
7966,71.04
7967,81.16
7968,53.37
7969,48.87
7970,46.67
7971,50.29
7972,50.62
7973,55.95
7974,65.89
7975,73.34
7976,60.75
7977,58.06
7978,52.34
7979,53.62
7980,51.59
7981,51.71
7982,53.06
7983,54.93
7984,67.25
7985,86.72
7986,84.47
7987,94.36
7988,76.46
7989,71.53
7990,57.55
7991,50.86
7992,50.87
7993,60.45
7994,59.34
7995,57.5
7996,59.37
7997,62.22
7998,56.88
7999,73.23
8000,80.37
8001,81.23
8002,93.96
8003,96.1
8004,100.76
8005,87.37
8006,83.52
8007,82.57
8008,89.53
8009,89.08
8010,103.04
8011,93.52
8012,68.6
8013,54.24
8014,58.07
8015,56.71
8016,51.56
8017,57.59
8018,51.6
8019,46.34
8020,44.72
8021,42.58
8022,46.23
8023,49.56
8024,58.93
8025,45.14
8026,41.94
8027,96.1
8028,63.54
8029,64.41
8030,69.24
8031,73.16
8032,94.5
8033,148.35
8034,145.85
8035,107.7
8036,113.24
8037,95.82
8038,78.09
8039,70.69
8040,67.12
8041,60.64
8042,60.17
8043,53.11
8044,52.43
8045,54.83
8046,62.14
8047,81.44
8048,86.33
8049,86.63
8050,71.25
8051,50.28
8052,48.85
8053,49.91
8054,48.48
8055,69.47
8056,78.95
8057,84.57
8058,95.83
8059,91.86
8060,63.88
8061,50.5
8062,47.96
8063,46.71
8064,44.28
8065,29.98
8066,17.64
8067,14.6
8068,24.91
8069,25.5
8070,19.3
8071,28.26
8072,27.63
8073,38.71
8074,39.48
8075,45.87
8076,46.35
8077,43.29
8078,43.24
8079,41.63
8080,35.69
8081,32.64
8082,37.74
8083,34.39
8084,32.38
8085,29.13
8086,28.3
8087,28.8
8088,15.11
8089,24.21
8090,16.93
8091,13.32
8092,0
8093,18.13
8094,33.46
8095,45.05
8096,66.02
8097,45.15
8098,24.01
8099,16.96
8100,1.76
8101,39.72
8102,43.8
8103,46.99
8104,42.63
8105,48.48
8106,51.81
8107,50.24
8108,52.78
8109,49.98
8110,47.38
8111,41.48
8112,39.25
8113,41.14
8114,39.29
8115,34.76
8116,35.59
8117,33.11
8118,34.08
8119,61.08
8120,54.33
8121,58.35
8122,39.1
8123,17.11
8124,24.03
8125,40.3
8126,42.98
8127,49.17
8128,43.39
8129,53.68
8130,80.12
8131,74.26
8132,65.56
8133,60.31
8134,45.5
8135,40.63
8136,36
8137,39.49
8138,39.05
8139,37.45
8140,38.38
8141,34.91
8142,34.47
8143,41.94
8144,41.59
8145,53.05
8146,46.84
8147,37.9
8148,37.11
8149,37.59
8150,43.84
8151,47.7
8152,43.89
8153,56.47
8154,60.29
8155,51.83
8156,44.5
8157,51.93
8158,44.56
8159,66.38
8160,61.8
8161,59.94
8162,36.22
8163,37.16
8164,36.16
8165,57.08
8166,51.25
8167,41.18
8168,39.76
8169,40.64
8170,47.45
8171,62.66
8172,51.3
8173,43.26
8174,36.48
8175,40.26
8176,37.72
8177,64.66
8178,45.47
8179,43.75
8180,41.61
8181,37.17
8182,40.55
8183,51.05
8184,47.11
8185,39.68
8186,40.98
8187,38.86
8188,31.32
8189,36.12
8190,37.07
8191,37.99
8192,81.52
8193,51.41
8194,34.88
8195,38.58
8196,37.42
8197,42.79
8198,45.15
8199,46.85
8200,42.49
8201,51.66
8202,72.89
8203,59.97
8204,49.91
8205,41.99
8206,46
8207,48.27
8208,36.99
8209,36.12
8210,36.08
8211,35.62
8212,35.92
8213,37.75
8214,38.05
8215,38.53
8216,40.4
8217,51.01
8218,61.68
8219,46.56
8220,42.14
8221,42.68
8222,43.83
8223,45.85
8224,46.48
8225,47.06
8226,48.86
8227,43.05
8228,45.87
8229,40.14
8230,40.98
8231,36.11
8232,31.26
8233,41.49
8234,34.65
8235,40.52
8236,38.32
8237,36
8238,37.86
8239,38.73
8240,47.73
8241,49.96
8242,46.43
8243,56.92
8244,51.54
8245,-14.3
8246,25.71
8247,67.96
8248,98.96
8249,104.94
8250,119.83
8251,81.6
8252,66.38
8253,71.92
8254,87.77
8255,59.91
8256,40.74
8257,40.65
8258,42.69
8259,45.55
8260,43.76
8261,45.54
8262,43.07
8263,40.68
8264,47.76
8265,50.58
8266,56.57
8267,98.6
8268,89.05
8269,82.15
8270,72.09
8271,92
8272,91.56
8273,111.87
8274,161.7
8275,146.57
8276,122.43
8277,115.35
8278,131.46
8279,116.18
8280,75.22
8281,93.61
8282,100.75
8283,149.52
8284,143.66
8285,105.36
8286,106.56
8287,178.49
8288,253.54
8289,271.35
8290,257.22
8291,317.81
8292,251.1
8293,219.86
8294,164.3
8295,258.94
8296,267.81
8297,254.36
8298,322.82
8299,251.89
8300,270.69
8301,166.46
8302,168.89
8303,114.67
8304,111.9
8305,127.31
8306,134.97
8307,113.06
8308,98.09
8309,150.7
8310,137.11
8311,133.28
8312,214.62
8313,226.93
8314,237.07
8315,219.26
8316,200.49
8317,164.35
8318,132.42
8319,132.15
8320,163.57
8321,209.4
8322,264.97
8323,253.51
8324,196.43
8325,217.27
8326,236.75
8327,173.78
8328,140.57
8329,140.38
8330,152.56
8331,197.55
8332,223.71
8333,213.49
8334,266.64
8335,308.89
8336,360.84
8337,302.86
8338,236.83
8339,162.49
8340,144.84
8341,147.17
8342,147.9
8343,149.54
8344,182.05
8345,266.9
8346,283.48
8347,251.89
8348,225.97
8349,178.53
8350,181.95
8351,200.87
8352,90.95
8353,109.7
8354,113.03
8355,103.7
8356,99.54
8357,105.59
8358,114.54
8359,84.67
8360,122.91
8361,121.26
8362,147.22
8363,141.55
8364,105.2
8365,94.23
8366,92.47
8367,80.39
8368,96.39
8369,86.83
8370,102.52
8371,83.87
8372,79.73
8373,71.31
8374,118.12
8375,96.81
8376,64.08
8377,72.66
8378,84.9
8379,81.5
8380,80.14
8381,82.45
8382,85.59
8383,73.21
8384,104.96
8385,138.36
8386,143.24
8387,148.55
8388,130.76
8389,123.58
8390,92.95
8391,76.99
8392,82.34
8393,89.33
8394,95.74
8395,81.56
8396,79.74
8397,89.88
8398,72.18
8399,65.07
8400,65.49
8401,58.86
8402,55.97
8403,55.74
8404,57.96
8405,48.49
8406,40.31
8407,46.78
8408,114.77
8409,95.92
8410,57.58
8411,84.13
8412,79.08
8413,70.83
8414,68.2
8415,80.96
8416,94.48
8417,95.79
8418,109.33
8419,100.52
8420,80.81
8421,81.4
8422,62.41
8423,57.65
8424,51.79
8425,56.33
8426,50.98
8427,57.39
8428,56.35
8429,51.96
8430,51.72
8431,58.95
8432,91.77
8433,156.66
8434,143.66
8435,112.76
8436,88.96
8437,93.28
8438,98.25
8439,131.53
8440,156.79
8441,147.53
8442,149.04
8443,155.29
8444,158.34
8445,211.67
8446,177.25
8447,129.65
8448,113.4
8449,159.29
8450,118.27
8451,122.87
8452,95.6
8453,133.88
8454,250.1
8455,273.15
8456,266.32
8457,239.91
8458,144.12
8459,107.83
8460,105.07
8461,114.97
8462,116.1
8463,127.76
8464,176.61
8465,190.19
8466,335.07
8467,189.14
8468,111.91
8469,154.81
8470,116.75
8471,105.43
8472,77.94
8473,59.77
8474,80.03
8475,81.6
8476,133.67
8477,106.72
8478,93.8
8479,158.7
8480,199.28
8481,167.47
8482,120.54
8483,95.74
8484,89.42
8485,83.87
8486,72.57
8487,88.02
8488,132.26
8489,158.01
8490,174.96
8491,171.54
8492,166.07
8493,180.85
8494,179.24
8495,168.57
8496,113.18
8497,49.52
8498,81.23
8499,84.44
8500,128.23
8501,101.9
8502,112.77
8503,109.9
8504,250.68
8505,228.49
8506,125.84
8507,73.41
8508,67.69
8509,36.92
8510,62.88
8511,68.42
8512,70.82
8513,94.74
8514,117.54
8515,106.87
8516,104.79
8517,92.9
8518,123.06
8519,80.01
8520,159.85
8521,135.4
8522,85.42
8523,93.16
8524,78.3
8525,65.19
8526,96.29
8527,93.17
8528,96.08
8529,81.16
8530,88.81
8531,96.57
8532,91.48
8533,88.19
8534,111.99
8535,87.93
8536,77.19
8537,204.81
8538,128.8
8539,78.55
8540,61.42
8541,99.84
8542,141.72
8543,69.62
8544,86.16
8545,147.48
8546,79.5
8547,47.79
8548,48.18
8549,46.96
8550,42.42
8551,4.09
8552,48.44
8553,48.36
8554,130.82
8555,315.85
8556,338.64
8557,236.63
8558,187.96
8559,198.36
8560,220.84
8561,261.34
8562,368.03
8563,309.64
8564,324.77
8565,360.96
8566,390.48
8567,456.26
8568,433.66
8569,309.2
8570,267.72
8571,308.25
8572,304.94
8573,336.12
8574,308.13
8575,359.21
8576,409.21
8577,436.05
8578,404.76
8579,409.62
8580,380.16
8581,376.17
8582,356.2
8583,540.67
8584,602.82
8585,1142.76
8586,2274.99
8587,664.54
8588,352.71
8589,310.9
8590,331.96
8591,403.63
8592,332.03
8593,324.58
8594,298.5
8595,244.53
8596,223.33
8597,308.84
8598,362.75
8599,223.2
8600,302.96
8601,393.92
8602,347.2
8603,209.91
8604,168.73
8605,173.41
8606,178.45
8607,188.55
8608,232.99
8609,316.89
8610,248.07
8611,215.04
8612,271
8613,298.5
8614,315.4
8615,239.96
8616,189.23
8617,233.93
8618,302.88
8619,259.68
8620,239.34
8621,379.81
8622,225.24
8623,209.86
8624,214.08
8625,195.39
8626,169.79
8627,120.74
8628,107.96
8629,139.27
8630,156.61
8631,191.9
8632,306.4
8633,357.02
8634,372.51
8635,340.16
8636,289.61
8637,269.86
8638,222.58
8639,177.61
8640,165.73
8641,154.2
8642,166.81
8643,148.62
8644,139.19
8645,147.48
8646,161.45
8647,226.43
8648,238.55
8649,185.28
8650,193.81
8651,216.31
8652,171.61
8653,136.91
8654,151.4
8655,177.28
8656,206.66
8657,208.93
8658,202.6
8659,201.12
8660,211.41
8661,195.81
8662,180.64
8663,168.51
8664,181
8665,157.29
8666,175.01
8667,171.93
8668,193.4
8669,197.66
8670,215.4
8671,259.26
8672,273.77
8673,230.35
8674,178.86
8675,150.59
8676,141.29
8677,123.21
8678,122.55
8679,166.66
8680,154.23
8681,156.45
8682,173.6
8683,145.72
8684,134.56
8685,122.19
8686,127.18
8687,119.91
8688,72.45
8689,95.13
8690,135.02
8691,129.53
8692,122.29
8693,151.28
8694,172.4
8695,181.97
8696,177.46
8697,185.04
8698,130.06
8699,44.28
8700,47.35
8701,45.32
8702,44.93
8703,60.05
8704,103.35
8705,115.32
8706,129.44
8707,125.19
8708,119.36
8709,80.41
8710,94.39
8711,83.95
8712,58.84
8713,59.92
8714,57.3
8715,46.26
8716,43.74
8717,46.33
8718,44.72
8719,43.1
8720,47.27
8721,47.45
8722,41.7
8723,33.02
8724,32.51
8725,32.7
8726,32.72
8727,33.49
8728,37.96
8729,46.8
8730,54.4
8731,45.23
8732,40.74
8733,34.25
8734,31.02
8735,33.88
8736,30.8
8737,51.46
8738,35.87
8739,40.39
8740,32.01
8741,30.33
8742,33.19
8743,29.68
8744,33.21
8745,32.89
8746,32.8
8747,70.22
8748,67.87
8749,64.48
8750,67.69
8751,72.79
8752,45.23
8753,60.43
8754,61.42
8755,40.16
8756,26.61
8757,25.57
8758,31.98
8759,44.56
8760,59.23
