1,145.86
2,114.9
3,113.87
4,97.8
5,97.8
6,95.74
7,97.8
8,97.8
9,97.8
10,70.05
11,76.79
12,84.1
13,94.74
14,96.8
15,97.8
16,98.52
17,114.5
18,149.97
19,177.22
20,187.52
21,189.26
22,190.81
23,188.39
24,167.26
25,133.21
26,115.87
27,110.52
28,113
29,115.87
30,110.52
31,115.87
32,129.6
33,115.87
34,115.87
35,113
36,115.87
37,110
38,110.52
39,115.87
40,109.8
41,115.87
42,159.79
43,194.25
44,198
45,208.38
46,209.1
47,191.36
48,178
49,181.5
50,160.72
51,154.64
52,149.86
53,144.49
54,148.86
55,153.77
56,160.72
57,189.26
58,183.54
59,160.72
60,152.2
61,148.86
62,142.04
63,127.38
64,112.87
65,126.8
66,148.49
67,175.06
68,180
69,153.77
70,141.94
71,114.11
72,100.36
73,125.47
74,115.55
75,113.29
76,105.81
77,105
78,115.11
79,153.77
80,161.03
81,178.91
82,190
83,189.88
84,182.42
85,182.46
86,179.59
87,163.2
88,157.3
89,157.3
90,163.78
91,184.94
92,178.99
93,156.12
94,148.65
95,137.92
96,112.87
97,132.8
98,106.7
99,84.5
100,80
101,79.11
102,94.79
103,169.04
104,206.07
105,211.13
106,213.86
107,209.1
108,202.8
109,199.89
110,197.34
111,195.6
112,200
113,206.07
114,211.23
115,225
116,250.34
117,241.93
118,218.95
119,207.46
120,200
121,207.15
122,204.22
123,191.82
124,180.7
125,170.1
126,194.38
127,204.22
128,216.14
129,219.42
130,220
131,214.9
132,207.9
133,205
134,204.43
135,196.84
136,189.89
137,202.17
138,222.31
139,273.44
140,278.36
141,251.71
142,229.96
143,216.44
144,210
145,213.47
146,189
147,180
148,164.9
149,162.8
150,165
151,165.2
152,215.89
153,243.84
154,250.01
155,240
156,232.53
157,216.28
158,211.94
159,207.05
160,210.11
161,220.21
162,243.84
163,260
164,250
165,243.84
166,243.84
167,235.69
168,215.1
169,270.02
170,237.86
171,215.89
172,211.44
173,200.9
174,200
175,201.36
176,209.09
177,215.89
178,231
179,228.95
180,215.39
181,206.68
182,185
183,169.52
184,162.8
185,161.73
186,189.9
187,206.68
188,210
189,210
190,209.37
191,185.3
192,168.8
193,109.18
194,89.61
195,80.24
196,55.46
197,45.82
198,48.5
199,74.29
200,89.78
201,104.79
202,140
203,140
204,120
205,69.77
206,69.77
207,57.96
208,14
209,92.52
210,159.9
211,207.9
212,240
213,230.82
214,214.02
215,215.88
216,205.6
217,196.23
218,165
219,158.7
220,159.3
221,160.1
222,173.01
223,200.1
224,228.46
225,234.74
226,240
227,238.76
228,228.38
229,222.53
230,216.01
231,206.01
232,200.99
233,223
234,256.01
235,286.4
236,294.98
237,267.45
238,242.23
239,217.03
240,198.93
241,210.34
242,202.42
243,197.6
244,193
245,194.9
246,204.45
247,219.32
248,228.38
249,249.97
250,249.97
251,242.47
252,212.2
253,207.1
254,207
255,206.8
256,206.8
257,212
258,242.47
259,260
260,261.97
261,262.66
262,245
263,227.47
264,211.63
265,196.65
266,187.1
267,184.27
268,179.58
269,178.33
270,190.14
271,185.22
272,200.22
273,217.15
274,205.41
275,199.7
276,196.66
277,196.95
278,197.42
279,197.42
280,199.6
281,200.2
282,227.49
283,255
284,261.38
285,253.1
286,222.79
287,213.64
288,200.22
289,190
290,188.72
291,187.87
292,182.88
293,186.65
294,187.42
295,192.93
296,220.14
297,226.75
298,226.75
299,220.25
300,216.35
301,213.93
302,213.93
303,213.75
304,213.89
305,220.14
306,229.57
307,259.45
308,262.95
309,252.46
310,230.1
311,217.65
312,207.99
313,205
314,199.96
315,196.42
316,192.77
317,192.43
318,197.6
319,206.26
320,205.2
321,209.07
322,207.8
323,199.99
324,182.52
325,180.3
326,180.66
327,180.3
328,182.52
329,200.34
330,209.07
331,225.61
332,233.65
333,235.01
334,225.61
335,216.68
336,205.96
337,222.01
338,214.92
339,209.61
340,196.7
341,193.04
342,195.05
343,200.9
344,217.21
345,223.76
346,225.76
347,222.39
348,214.92
349,208.43
350,200
351,203.09
352,213.98
353,218.63
354,231.67
355,267.03
356,261.41
357,243.62
358,227.85
359,222.66
360,217
361,225.92
362,216
363,207.62
364,197.22
365,186.7
366,186.6
367,198.01
368,200.03
369,200
370,204.86
371,204.5
372,204.43
373,205.21
374,195.02
375,191.9
376,196.92
377,201.02
378,222.87
379,257.45
380,265.36
381,257.13
382,248.2
383,228.52
384,212.82
385,252.53
386,242.23
387,232.25
388,215.01
389,209.55
390,222.78
391,249.93
392,272.52
393,264.36
394,253.83
395,241.11
396,235.63
397,235.63
398,235.16
399,234.03
400,229.11
401,235.01
402,248.63
403,264.21
404,285.68
405,277.01
406,257.64
407,248.63
408,229.6
409,213.9
410,203.27
411,200.48
412,194.52
413,193.99
414,205
415,223.94
416,227.84
417,235.42
418,231.78
419,221.34
420,217.44
421,216.73
422,216.73
423,215.42
424,212.24
425,218
426,231.78
427,254.81
428,272.22
429,259.29
430,240
431,225.84
432,213.54
433,224.68
434,215.46
435,203.69
436,193.91
437,188.7
438,195.36
439,222.81
440,226.95
441,239.14
442,230.85
443,216.18
444,207.56
445,207.56
446,206.96
447,180.3
448,179.64
449,184.2
450,217.64
451,238.1
452,259.81
453,254.21
454,222.26
455,208.8
456,191.09
457,194.18
458,185.18
459,179.53
460,171.43
461,168.18
462,176.44
463,185.01
464,206.41
465,218.11
466,216.81
467,206.41
468,185.21
469,172.66
470,172.01
471,163.11
472,160.69
473,164.05
474,202.51
475,215.51
476,239.38
477,220.63
478,209.01
479,186.44
480,176.44
481,180
482,162.97
483,159.5
484,154.7
485,154.7
486,159.4
487,161.1
488,185
489,205.22
490,204.3
491,184.57
492,162.97
493,161.52
494,161.8
495,161.1
496,160
497,162.97
498,184.67
499,206.15
500,214.7
501,214.68
502,209.57
503,201.7
504,184.86
505,192.89
506,175
507,168.46
508,166.9
509,167
510,168
511,169.94
512,169.94
513,168.98
514,182.3
515,188.29
516,184
517,184.39
518,191.05
519,189.99
520,191.5
521,193.9
522,204.99
523,227.41
524,245.27
525,227.75
526,212
527,203
528,197
529,197.14
530,190
531,187.98
532,179.73
533,179.04
534,179.49
535,179.93
536,189.99
537,190
538,195.31
539,195.34
540,195.87
541,195.41
542,186.29
543,184.49
544,190
545,194
546,214.95
547,239.49
548,244.31
549,249
550,247.3
551,222.8
552,204.3
553,190.27
554,179.97
555,178.99
556,177.46
557,177.61
558,190
559,224.83
560,237.53
561,243.47
562,243.47
563,239.52
564,233.99
565,231.21
566,230.63
567,229.4
568,230.5
569,231.77
570,240
571,265
572,297.33
573,274.98
574,250
575,235.02
576,215.02
577,220.27
578,212.9
579,203.75
580,196.24
581,198.89
582,215.01
583,225
584,228.36
585,236.4
586,235.1
587,227.41
588,222.8
589,219.5
590,216.53
591,216.31
592,219.89
593,226
594,231.02
595,239.1
596,248.53
597,256.36
598,242
599,229.9
600,214.41
601,244.86
602,235
603,231.86
604,228
605,225.01
606,233.16
607,233.16
608,238.57
609,243.97
610,243.97
611,239.66
612,237.81
613,234.69
614,233.16
615,229.47
616,229.17
617,234.18
618,237.92
619,243.97
620,248.76
621,250
622,243.97
623,235.92
624,226.27
625,238.4
626,229.89
627,229
628,221.4
629,219
630,220
631,223.66
632,237
633,248.8
634,248.8
635,238.1
636,229.89
637,230.5
638,231
639,226.6
640,225
641,229.5
642,237
643,244
644,249.01
645,248.35
646,237
647,215.75
648,222.4
649,232.13
650,220
651,209.1
652,199.5
653,190
654,204.5
655,223.8
656,243.17
657,250.73
658,246.03
659,230.29
660,221.53
661,217.46
662,211.88
663,193.61
664,203.42
665,215.01
666,237.45
667,249.2
668,255.38
669,250
670,238.88
671,229.05
672,217.99
673,228.06
674,216.52
675,199.56
676,204.94
677,202.12
678,196.98
679,208.12
680,224.53
681,238.74
682,235.88
683,236.02
684,220.87
685,217.41
686,212.19
687,206.99
688,181.97
689,182.25
690,221.53
691,247
692,263.03
693,259.94
694,259.94
695,250.73
696,245.2
697,234.5
698,220.58
699,216
700,207.63
701,206.5
702,211.34
703,214
704,223
705,218
706,229
707,223.53
708,231.2
709,234.89
710,221.86
711,214.01
712,209.03
713,220
714,229
715,261.5
716,263.39
717,268.65
718,266.01
719,257.55
720,250.94
721,242.36
722,222
723,193.43
724,192.49
725,190
726,184.16
727,193.09
728,240
729,251.24
730,251.92
731,248.08
732,243.21
733,237.81
734,221.57
735,207.22
736,193.81
737,195.13
738,240.67
739,253.8
740,260
741,252.22
742,240
743,218.69
744,202.01
745,208.4
746,191.95
747,191.65
748,186.1
749,169.97
750,181
751,191.94
752,227
753,250
754,233.19
755,196.84
756,191.65
757,191.1
758,190.02
759,191.09
760,171.89
761,190.96
762,216.88
763,245.01
764,253
765,251.87
766,226.04
767,207.14
768,202.3
769,184.75
770,178.69
771,170.1
772,168.08
773,169.53
774,174.97
775,182
776,220.72
777,223.5
778,225.02
779,207.27
780,193.94
781,196.3
782,195
783,193.94
784,193.09
785,201.53
786,238.01
787,266.9
788,267.88
789,270.09
790,267.97
791,239.95
792,215
793,215
794,189.09
795,182.37
796,178.3
797,173.25
798,181.5
799,193.21
800,232.74
801,246
802,231.79
803,213.26
804,209
805,199.1
806,192.68
807,189.95
808,189.94
809,200
810,224.15
811,237.72
812,245.68
813,240
814,225.01
815,204.88
816,194.74
817,197
818,181.32
819,179.34
820,167.44
821,166.59
822,167.44
823,180.05
824,217.32
825,227.87
826,227.87
827,220.72
828,200.03
829,190
830,179.85
831,179.95
832,174.54
833,179.55
834,196.31
835,218.63
836,233.34
837,227.66
838,223.58
839,204.74
840,187.49
841,217.32
842,215
843,190.2
844,189.5
845,182.02
846,181.42
847,190.05
848,190.98
849,214.04
850,210.01
851,216.43
852,189.95
853,190.15
854,189
855,174.9
856,170.47
857,173.95
858,178.28
859,223.01
860,226.5
861,225
862,223.01
863,210
864,189.75
865,189.7
866,178.85
867,177.6
868,176.09
869,173.44
870,177.6
871,179.05
872,179.35
873,179.35
874,179.25
875,178.75
876,177.51
877,179.89
878,178.95
879,178.85
880,172.59
881,172.18
882,179.25
883,225.51
884,240
885,246.43
886,235.02
887,226.01
888,190
889,189.5
890,179.41
891,176
892,175.2
893,165.97
894,176
895,205
896,239.03
897,253.61
898,246.92
899,232.18
900,212.7
901,201.01
902,199.46
903,190.15
904,186.03
905,190.15
906,206.36
907,235.78
908,239.42
909,236.47
910,227.89
911,201.3
912,189.55
913,184
914,179.88
915,174.68
916,170.88
917,180.01
918,183.62
919,190.74
920,240.11
921,250
922,233.59
923,211.5
924,190.1
925,185.84
926,182.44
927,179.41
928,178.62
929,184.1
930,211.47
931,240
932,249.49
933,240
934,235
935,212.71
936,200.57
937,195
938,187.38
939,185
940,183.44
941,182.59
942,182.65
943,200.23
944,237.91
945,248.83
946,235.8
947,220.45
948,202.96
949,192.45
950,188.05
951,183.44
952,188.1
953,189.95
954,219
955,249.12
956,257.28
957,245.1
958,240.89
959,229.97
960,207
961,233.71
962,211.43
963,194.33
964,177.45
965,174.85
966,175.15
967,203.2
968,233.46
969,240.32
970,233.96
971,233.96
972,206.55
973,193.23
974,180.14
975,177.45
976,184.55
977,195.98
978,215.77
979,238
980,248.01
981,235.01
982,226.8
983,209.99
984,195.71
985,199.03
986,178.85
987,175.05
988,167.2
989,165
990,171.3
991,196.95
992,220.04
993,229.7
994,223.92
995,207.83
996,191.5
997,174.95
998,174.5
999,174.55
1000,172.54
1001,176.99
1002,206.96
1003,226.8
1004,241.18
1005,221.31
1006,216
1007,205.79
1008,197.89
1009,212.17
1010,211.1
1011,205.89
1012,203.08
1013,200.47
1014,194.91
1015,199.03
1016,207.43
1017,210.89
1018,211.17
1019,203.23
1020,184.74
1021,179.99
1022,171
1023,168.39
1024,166.79
1025,171.56
1026,194.89
1027,212.52
1028,231.55
1029,220
1030,214.89
1031,204.89
1032,193.94
1033,220
1034,214.23
1035,210.89
1036,187
1037,192.43
1038,170.85
1039,170.84
1040,191.08
1041,169.5
1042,169.8
1043,163.34
1044,155.11
1045,148.2
1046,117.92
1047,70
1048,93.07
1049,104.77
1050,123.9
1051,164.59
1052,181.92
1053,205.01
1054,205.01
1055,170.84
1056,168.99
1057,153.57
1058,150
1059,142.49
1060,107.5
1061,105
1062,146.96
1063,170.84
1064,217.51
1065,224.59
1066,228.2
1067,218.09
1068,200.42
1069,170
1070,162.9
1071,160
1072,156.11
1073,162.68
1074,194.99
1075,221.98
1076,248.71
1077,229.02
1078,222.85
1079,210.55
1080,194.81
1081,198.18
1082,189
1083,179.7
1084,173.4
1085,165.85
1086,169.3
1087,204.2
1088,234.06
1089,250.79
1090,240
1091,220.43
1092,202.38
1093,183.62
1094,162.9
1095,162.68
1096,162.52
1097,163.1
1098,188.87
1099,224
1100,238.26
1101,247.99
1102,238.26
1103,225.78
1104,173.4
1105,171.9
1106,162.3
1107,158.72
1108,151.58
1109,150.6
1110,152.05
1111,163.48
1112,213.51
1113,219.63
1114,215.28
1115,175.13
1116,162.2
1117,165
1118,155.2
1119,143.25
1120,138.17
1121,135.39
1122,160.84
1123,210.93
1124,225
1125,236.73
1126,226.3
1127,210.06
1128,172
1129,150.09
1130,142.08
1131,120.41
1132,100
1133,109.99
1134,110
1135,138
1136,170
1137,196.99
1138,192.69
1139,170
1140,154.99
1141,154.99
1142,152.58
1143,150.51
1144,150.09
1145,154.68
1146,160
1147,210.18
1148,238.07
1149,268.12
1150,237.8
1151,210.3
1152,197.64
1153,206.4
1154,200
1155,190.15
1156,181.19
1157,174.1
1158,174.1
1159,200
1160,210.86
1161,215
1162,210
1163,205.61
1164,199.9
1165,188.43
1166,180.49
1167,159.9
1168,154.09
1169,154
1170,156.84
1171,190
1172,200
1173,192.2
1174,178.03
1175,154
1176,146.86
1177,129
1178,111.99
1179,98.06
1180,77.2
1181,82.57
1182,96.6
1183,111.99
1184,136.4
1185,138.97
1186,169.88
1187,140.7
1188,131.78
1189,120.84
1190,120.84
1191,120.84
1192,110.3
1193,111.99
1194,129.1
1195,168
1196,196.85
1197,204
1198,204.79
1199,201
1200,192.5
1201,196
1202,175.36
1203,150
1204,140.85
1205,140.84
1206,145.44
1207,160
1208,172.54
1209,149.54
1210,140.84
1211,136.1
1212,136.59
1213,129
1214,130.58
1215,129.11
1216,129.11
1217,128.6
1218,136.6
1219,200
1220,218.1
1221,225
1222,223.31
1223,215
1224,205
1225,199
1226,165
1227,158.89
1228,147.1
1229,142
1230,154.59
1231,201.36
1232,221.12
1233,225
1234,218.51
1235,198.36
1236,170.11
1237,161.36
1238,156.93
1239,154.59
1240,158.89
1241,158.89
1242,163.14
1243,218.51
1244,227.92
1245,237
1246,227.34
1247,218.5
1248,189
1249,176.59
1250,169.72
1251,165.3
1252,163.06
1253,158
1254,164.39
1255,192
1256,203
1257,211.59
1258,200
1259,191.63
1260,174.38
1261,171.33
1262,160
1263,144.82
1264,150.14
1265,150.14
1266,160
1267,203.81
1268,215
1269,221.7
1270,211.8
1271,197.72
1272,176.4
1273,178.55
1274,172.87
1275,167.5
1276,163.59
1277,163.07
1278,169.55
1279,201.58
1280,211.93
1281,216.82
1282,214.72
1283,205.51
1284,194.86
1285,183.9
1286,177.89
1287,167.38
1288,170
1289,180
1290,205.72
1291,230
1292,236.86
1293,244.08
1294,223.11
1295,213.21
1296,207.99
1297,210.61
1298,208.12
1299,200.39
1300,197.75
1301,201.2
1302,204.73
1303,211.79
1304,218.75
1305,234.49
1306,220.09
1307,213.91
1308,212.01
1309,210.67
1310,208.12
1311,210
1312,195
1313,178.3
1314,190.1
1315,203.79
1316,220.36
1317,215.74
1318,210.4
1319,194.43
1320,163.71
1321,230
1322,193.16
1323,179.7
1324,159.99
1325,153.32
1326,170
1327,203.75
1328,267.18
1329,271.46
1330,270.59
1331,264.02
1332,246.14
1333,252.21
1334,240.3
1335,237.5
1336,232.28
1337,240
1338,260.68
1339,277.71
1340,300
1341,292.32
1342,278.29
1343,273.56
1344,268.99
1345,285.41
1346,265
1347,259.73
1348,246
1349,237.14
1350,237.17
1351,249.98
1352,263.46
1353,274.5
1354,267.37
1355,247.49
1356,246
1357,243.48
1358,240.28
1359,239.9
1360,239.5
1361,239.6
1362,259.9
1363,299
1364,300.7
1365,297.01
1366,300
1367,266.77
1368,261.3
1369,256.07
1370,249.11
1371,225
1372,220.5
1373,225
1374,231.29
1375,250.85
1376,255.2
1377,252.59
1378,254.33
1379,253.46
1380,247.38
1381,235.01
1382,247.28
1383,247.08
1384,209.14
1385,209.14
1386,229.9
1387,275.76
1388,300
1389,350
1390,350
1391,310.01
1392,280
1393,295
1394,286.83
1395,282.49
1396,282.16
1397,277.73
1398,281.05
1399,286.54
1400,322.9
1401,308.9
1402,284.05
1403,258.45
1404,221.3
1405,224
1406,221.88
1407,220
1408,218.97
1409,253.79
1410,280.56
1411,300
1412,318.73
1413,346
1414,324.09
1415,291.18
1416,280
1417,268.9
1418,258.46
1419,241.01
1420,224
1421,221
1422,231.31
1423,268.04
1424,299.02
1425,301.4
1426,294.6
1427,265.02
1428,230
1429,225.8
1430,221.5
1431,221.99
1432,220.98
1433,221.99
1434,258.46
1435,282.49
1436,314.01
1437,315.87
1438,294.01
1439,267.16
1440,260.79
1441,251.04
1442,248.43
1443,242.06
1444,233.14
1445,233.62
1446,250
1447,267.32
1448,295
1449,305
1450,294.27
1451,268.3
1452,256.41
1453,246.25
1454,225.9
1455,208.32
1456,204.15
1457,206.64
1458,225
1459,258.62
1460,284.24
1461,297
1462,279.99
1463,265.78
1464,250.25
1465,331.16
1466,322.53
1467,316
1468,307.01
1469,307.3
1470,332.27
1471,369.69
1472,394.7
1473,389.24
1474,363.17
1475,359.15
1476,356.98
1477,353.5
1478,349.15
1479,324.09
1480,319.58
1481,336.53
1482,345
1483,350
1484,358.05
1485,360.46
1486,350
1487,329.92
1488,260
1489,350
1490,270.14
1491,269.5
1492,267.39
1493,264.61
1494,266.75
1495,269.6
1496,372.76
1497,381.81
1498,375
1499,371.33
1500,330.08
1501,343.71
1502,309.97
1503,316.3
1504,331.91
1505,355.77
1506,380.94
1507,392.91
1508,410
1509,400.08
1510,390.2
1511,384.6
1512,371.33
1513,376.5
1514,360
1515,350
1516,330
1517,338.85
1518,347.04
1519,369
1520,378.1
1521,370.53
1522,370
1523,365.04
1524,362.11
1525,360
1526,365.04
1527,362.11
1528,311
1529,343.5
1530,385.63
1531,405.78
1532,409.3
1533,400
1534,390.51
1535,382.11
1536,365.04
1537,390.61
1538,353
1539,345.16
1540,334.21
1541,339.44
1542,342.09
1543,350.13
1544,365.86
1545,353
1546,390.36
1547,351.07
1548,346.25
1549,350.25
1550,338.54
1551,350
1552,338.54
1553,339.61
1554,385.16
1555,435.08
1556,454.28
1557,470.01
1558,470.01
1559,454.09
1560,450
1561,441.85
1562,426.46
1563,416.67
1564,400
1565,400
1566,426.46
1567,465.77
1568,500
1569,500
1570,483
1571,451
1572,450.05
1573,450
1574,447.48
1575,426.46
1576,382.72
1577,400
1578,450
1579,472.5
1580,500
1581,475
1582,450
1583,426.46
1584,379.02
1585,450.95
1586,449.5
1587,449.5
1588,424.88
1589,429.89
1590,449.6
1591,550
1592,600
1593,645
1594,601
1595,582
1596,548.09
1597,515.4
1598,460
1599,449.9
1600,449.6
1601,514.31
1602,603.08
1603,651
1604,651
1605,651
1606,651
1607,650
1608,600
1609,510.26
1610,450.01
1611,425
1612,420.03
1613,420.03
1614,440
1615,523.76
1616,579.45
1617,554.76
1618,504.54
1619,439.6
1620,398.12
1621,359.71
1622,356.74
1623,368.98
1624,393.13
1625,425.09
1626,518.42
1627,549.73
1628,605
1629,560
1630,549.73
1631,523.76
1632,475.44
1633,378
1634,320.93
1635,321.59
1636,319.9
1637,319.9
1638,335.01
1639,414.66
1640,436.06
1641,452.69
1642,422.6
1643,400.95
1644,356.35
1645,361.4
1646,345.92
1647,320.93
1648,320
1649,319.6
1650,387.01
1651,415.64
1652,443.75
1653,430.01
1654,408.29
1655,323.25
1656,319.5
1657,270
1658,249.99
1659,230.22
1660,193.87
1661,144.8
1662,169.96
1663,269.4
1664,302.95
1665,311.53
1666,309.41
1667,300.01
1668,273.94
1669,277.17
1670,270
1671,274.4
1672,271.99
1673,274.73
1674,299.99
1675,310.8
1676,350
1677,397.02
1678,403.97
1679,341.95
1680,331.79
1681,290
1682,281.96
1683,275.2
1684,244.18
1685,238.22
1686,250
1687,249.41
1688,267.49
1689,256
1690,242
1691,212.95
1692,204.6
1693,199.54
1694,199.54
1695,195.15
1696,196.27
1697,204.4
1698,215
1699,284.41
1700,290.96
1701,292.91
1702,282.72
1703,269.55
1704,262.77
1705,214.5
1706,211.42
1707,207
1708,189.31
1709,190.51
1710,200
1711,213.69
1712,215
1713,214.9
1714,250
1715,220.67
1716,215
1717,215.3
1718,252.95
1719,225.18
1720,223.47
1721,225.55
1722,260.01
1723,290
1724,362.02
1725,389.9
1726,351.1
1727,321.96
1728,305.91
1729,291.55
1730,280.03
1731,232.24
1732,224.76
1733,219.91
1734,230.06
1735,277.8
1736,288.33
1737,295
1738,292.34
1739,288.33
1740,280.98
1741,258
1742,221.1
1743,215.3
1744,214.8
1745,214.48
1746,214.8
1747,219
1748,265.32
1749,281.96
1750,280.01
1751,240
1752,214.8
1753,215.54
1754,211.15
1755,209.8
1756,209.79
1757,209.8
1758,210
1759,212.79
1760,242.73
1761,259.22
1762,259.22
1763,255
1764,255
1765,248.12
1766,247.63
1767,247.14
1768,253.67
1769,253.67
1770,253.67
1771,277.8
1772,297.01
1773,311.71
1774,304.19
1775,283.17
1776,264.11
1777,253.41
1778,251.4
1779,247.5
1780,240.01
1781,238.5
1782,249.72
1783,286.48
1784,300
1785,306.7
1786,295.94
1787,276.6
1788,265.36
1789,270.24
1790,270.68
1791,275.08
1792,273.2
1793,265.1
1794,272.77
1795,252.84
1796,261.55
1797,275.86
1798,260.63
1799,246.42
1800,191.54
1801,205.1
1802,196
1803,187.79
1804,184.49
1805,184.49
1806,186.15
1807,190.54
1808,236.43
1809,236.78
1810,227.76
1811,205.2
1812,194
1813,200
1814,200
1815,195.5
1816,204.9
1817,205.1
1818,227
1819,237.09
1820,270.6
1821,295.92
1822,259.29
1823,244.66
1824,236.22
1825,203
1826,199
1827,198.88
1828,198.88
1829,198.88
1830,200
1831,203.1
1832,243.77
1833,249.06
1834,245.54
1835,239.98
1836,225
1837,224.47
1838,212.46
1839,211.88
1840,225
1841,239.53
1842,245.54
1843,275.31
1844,286.52
1845,290.19
1846,282.5
1847,255.01
1848,221.27
1849,259.92
1850,249.06
1851,225
1852,197.88
1853,195.13
1854,195.13
1855,214.95
1856,204.14
1857,234.64
1858,237.97
1859,227.75
1860,193.49
1861,192.13
1862,188.1
1863,187.77
1864,187.07
1865,188.85
1866,195.13
1867,230
1868,285.02
1869,280.46
1870,259.92
1871,249.94
1872,246.42
1873,215.49
1874,216.31
1875,208.69
1876,199.3
1877,198.8
1878,198.9
1879,206.76
1880,214
1881,199.2
1882,199.2
1883,199
1884,198.88
1885,191.89
1886,193
1887,190
1888,186.8
1889,186.8
1890,189.13
1891,198.8
1892,238.93
1893,250
1894,248.52
1895,243
1896,199.3
1897,218.69
1898,195.76
1899,194.75
1900,192.6
1901,189.99
1902,194.75
1903,211.48
1904,244
1905,246.42
1906,248.18
1907,242.28
1908,218.69
1909,222.21
1910,218.5
1911,215.85
1912,216.06
1913,235.51
1914,248.18
1915,264.11
1916,276.88
1917,287.57
1918,261.44
1919,240.29
1920,228.88
1921,223
1922,215
1923,207
1924,198.5
1925,203
1926,214.73
1927,216.16
1928,246.58
1929,251.58
1930,246.21
1931,217.98
1932,212.63
1933,214.83
1934,197.99
1935,194.75
1936,199.86
1937,230.01
1938,245.47
1939,245.7
1940,256.37
1941,278.9
1942,256
1943,242.18
1944,212.99
1945,219.48
1946,189
1947,182
1948,181.6
1949,180.28
1950,181.6
1951,182
1952,229.66
1953,239.62
1954,239.38
1955,219.1
1956,209.77
1957,204.99
1958,197.54
1959,196.8
1960,202.6
1961,216
1962,219.05
1963,230
1964,243.05
1965,249.3
1966,245
1967,229.66
1968,211
1969,220.78
1970,212.87
1971,189
1972,183.15
1973,183.3
1974,195
1975,228.76
1976,240.26
1977,242.65
1978,245.54
1979,239.8
1980,221.99
1981,213.1
1982,215.3
1983,215.36
1984,212.92
1985,232.58
1986,243.62
1987,242.9
1988,248.18
1989,270
1990,250
1991,240.04
1992,230
1993,262.48
1994,245.51
1995,234.29
1996,230.15
1997,226.01
1998,250
1999,260
2000,270
2001,275
2002,290.9
2003,282.74
2004,264.99
2005,253.26
2006,250.08
2007,246.38
2008,232.84
2009,251.07
2010,276.28
2011,283.62
2012,295.31
2013,300
2014,281.86
2015,274.94
2016,270.47
2017,266.14
2018,252.19
2019,246.75
2020,224.9
2021,211.09
2022,216.18
2023,235.58
2024,219
2025,235.58
2026,232
2027,220.3
2028,203.24
2029,205.61
2030,220
2031,200
2032,199.69
2033,201.39
2034,232.42
2035,262.5
2036,292.24
2037,290
2038,288.72
2039,275
2040,268.17
2041,258.17
2042,242.01
2043,227
2044,212
2045,211.09
2046,210.31
2047,214.03
2048,214.08
2049,214.07
2050,205.02
2051,197.61
2052,192.08
2053,175.1
2054,182.89
2055,174.9
2056,173.75
2057,194.83
2058,220
2059,260.68
2060,285
2061,275.12
2062,264.08
2063,242.9
2064,268.17
2065,216.79
2066,206.96
2067,201.18
2068,195.75
2069,195.01
2070,211.27
2071,241.34
2072,242.99
2073,246
2074,249.6
2075,245.54
2076,243
2077,238.89
2078,219.55
2079,216.88
2080,210.1
2081,208.55
2082,203.77
2083,241.14
2084,255
2085,288.86
2086,283
2087,256.11
2088,243.97
2089,240.26
2090,219.36
2091,212.89
2092,210
2093,212.89
2094,225.74
2095,259.1
2096,260.79
2097,274.27
2098,279.6
2099,275
2100,275
2101,274.02
2102,257.78
2103,248.01
2104,241.11
2105,236
2106,246.53
2107,245.54
2108,248.18
2109,260.79
2110,263.45
2111,250.64
2112,237.38
2113,265.14
2114,249.56
2115,237.45
2116,229.08
2117,232.33
2118,242
2119,256.91
2120,262.48
2121,275
2122,279.02
2123,268.58
2124,264
2125,260.72
2126,260
2127,256.39
2128,251.74
2129,243.6
2130,228.78
2131,235.99
2132,258.08
2133,275
2134,282.69
2135,265
2136,259.9
2137,275.67
2138,258.17
2139,255.76
2140,249
2141,243.24
2142,247
2143,255.76
2144,280
2145,290.57
2146,280.64
2147,261.81
2148,247.35
2149,216.99
2150,197.82
2151,188.44
2152,184.6
2153,175.7
2154,175.65
2155,187.94
2156,234.06
2157,280
2158,283.28
2159,258.7
2160,216.71
2161,218
2162,186
2163,179.76
2164,176.44
2165,179.76
2166,185.69
2167,197.1
2168,272.58
2169,288.72
2170,275
2171,250
2172,194.92
2173,195.5
2174,194.92
2175,188.3
2176,184.94
2177,179.76
2178,184.94
2179,194.92
2180,267.64
2181,300
2182,319.32
2183,300
2184,279.9
2185,296.42
2186,287.33
2187,280
2188,260.54
2189,258.7
2190,252.7
2191,265
2192,248.14
2193,260.54
2194,235.86
2195,181.45
2196,155
2197,148.88
2198,164.39
2199,152.17
2200,133.67
2201,126.68
2202,93.69
2203,172.65
2204,248.14
2205,293.78
2206,300
2207,296.42
2208,289.86
2209,290
2210,283.71
2211,280.55
2212,275.4
2213,257.01
2214,258.73
2215,270.6
2216,275
2217,277.34
2218,252.01
2219,223
2220,181.94
2221,172.7
2222,175.44
2223,175.44
2224,170
2225,138.83
2226,129.99
2227,167.02
2228,203.12
2229,273.6
2230,284.03
2231,265
2232,204.42
2233,194.44
2234,180
2235,172.65
2236,172.7
2237,183
2238,193.37
2239,265.42
2240,278.26
2241,279.66
2242,279.66
2243,266.7
2244,236
2245,264.08
2246,266.7
2247,268
2248,269.38
2249,267.81
2250,276.98
2251,280
2252,284.61
2253,294.54
2254,298.06
2255,286.97
2256,274.75
2257,245
2258,232
2259,205.5
2260,210
2261,215
2262,233
2263,219.02
2264,264.96
2265,266.75
2266,275
2267,280.15
2268,280.3
2269,283
2270,284.13
2271,283.67
2272,279.27
2273,275.88
2274,274.27
2275,285.4
2276,290.21
2277,300.97
2278,300.69
2279,291.22
2280,285
2281,278.11
2282,265
2283,259.5
2284,252
2285,254.5
2286,265.27
2287,287.84
2288,298.59
2289,311.59
2290,295.43
2291,288.72
2292,262.22
2293,254.96
2294,217.9
2295,226.7
2296,205.57
2297,200
2298,198.94
2299,201.56
2300,228.93
2301,277.47
2302,277.1
2303,262.38
2304,249.59
2305,249.24
2306,221.78
2307,203.77
2308,172.6
2309,165.46
2310,174.37
2311,224.76
2312,264.22
2313,270
2314,268.3
2315,254
2316,220
2317,193.99
2318,186.38
2319,180
2320,172.3
2321,172.3
2322,170.7
2323,183.94
2324,193.5
2325,268.3
2326,266.75
2327,249.99
2328,228.38
2329,218.98
2330,181.6
2331,167.12
2332,165.8
2333,165.8
2334,165.91
2335,172.5
2336,240
2337,249.41
2338,193.2
2339,158.04
2340,145.1
2341,102.9
2342,82
2343,20
2344,7
2345,7
2346,14
2347,101.4
2348,165.8
2349,248.58
2350,252.08
2351,248.58
2352,239.91
2353,244.12
2354,235.7
2355,236.91
2356,232
2357,233.35
2358,236.91
2359,236.21
2360,237.38
2361,237.18
2362,261.91
2363,240
2364,232.25
2365,234.02
2366,230
2367,221.01
2368,186.4
2369,184.67
2370,217.1
2371,238.04
2372,260.56
2373,294.88
2374,294.88
2375,284.75
2376,287.84
2377,282.48
2378,266.3
2379,270.93
2380,256.79
2381,246.89
2382,239.91
2383,250.41
2384,249.53
2385,249.53
2386,200
2387,149.81
2388,81
2389,3.7
2390,3.7
2391,3.7
2392,1.03
2393,1.03
2394,1.03
2395,3.7
2396,114
2397,227.91
2398,260
2399,245.57
2400,215
2401,150
2402,114
2403,96
2404,100.1
2405,117
2406,149.81
2407,160
2408,255
2409,263.4
2410,255
2411,214.92
2412,152.5
2413,122.97
2414,90
2415,62.75
2416,55.1
2417,62.6
2418,111
2419,152.6
2420,239.91
2421,270.2
2422,267.81
2423,247.99
2424,204.4
2425,220.26
2426,188.71
2427,188.15
2428,183
2429,185.55
2430,191.53
2431,228.09
2432,249.53
2433,252.65
2434,252.88
2435,253.05
2436,249.53
2437,246.2
2438,242.85
2439,244.81
2440,241.58
2441,240.24
2442,231.32
2443,250.96
2444,262
2445,280.04
2446,282.26
2447,270
2448,260
2449,242.75
2450,229.77
2451,220
2452,201.85
2453,190.9
2454,212.32
2455,248.74
2456,257.02
2457,260
2458,254.25
2459,242.75
2460,234.99
2461,227.67
2462,208
2463,201.18
2464,196
2465,200.47
2466,221.2
2467,219.28
2468,242.36
2469,254
2470,259
2471,250
2472,231.94
2473,232.45
2474,207.63
2475,200.14
2476,198.05
2477,199.97
2478,204.46
2479,239.86
2480,245.07
2481,245.07
2482,240
2483,216.35
2484,200
2485,192
2486,195.19
2487,193.64
2488,191
2489,190
2490,201.55
2491,230.19
2492,245.22
2493,272.31
2494,265.46
2495,253.68
2496,238.98
2497,214.9
2498,202.21
2499,197.03
2500,193.7
2501,192.21
2502,196.86
2503,205.33
2504,221.41
2505,229.31
2506,228.43
2507,191.87
2508,170.91
2509,170.9
2510,167.65
2511,157.38
2512,151.11
2513,155.01
2514,170.5
2515,196.21
2516,228.35
2517,235.99
2518,237.29
2519,233.44
2520,215.35
2521,222.43
2522,191
2523,178.09
2524,184.99
2525,184.99
2526,185
2527,200
2528,202.51
2529,189.6
2530,172.62
2531,146.58
2532,121.99
2533,111.35
2534,111.35
2535,111.35
2536,111.35
2537,104.04
2538,107.71
2539,138.49
2540,178.76
2541,205.81
2542,200
2543,175.84
2544,166.88
2545,160.22
2546,139.97
2547,128.46
2548,123.38
2549,133.96
2550,139.96
2551,146.1
2552,168.5
2553,133.55
2554,100
2555,75.92
2556,99.9
2557,99.9
2558,99.9
2559,64.85
2560,3.7
2561,15
2562,66.2
2563,99.9
2564,180.51
2565,191.54
2566,189.59
2567,171.46
2568,158.07
2569,95.9
2570,81
2571,84
2572,81
2573,85.25
2574,92.31
2575,100.94
2576,112.53
2577,120.57
2578,121.77
2579,97.49
2580,89.89
2581,95.9
2582,63.15
2583,45
2584,60.58
2585,80
2586,63.15
2587,67.8
2588,95.9
2589,196
2590,219.69
2591,177
2592,151.02
2593,120
2594,92.91
2595,87.85
2596,87.85
2597,87.85
2598,90
2599,135
2600,155.67
2601,170.91
2602,160.2
2603,150
2604,135.4
2605,120
2606,106.17
2607,89.61
2608,75
2609,61
2610,55.11
2611,64
2612,87.85
2613,149.17
2614,160.2
2615,149.17
2616,100
2617,125.01
2618,100
2619,80.11
2620,70.02
2621,76.24
2622,86.04
2623,95.54
2624,145
2625,148
2626,145.58
2627,125.01
2628,86.04
2629,69.39
2630,60.24
2631,38.08
2632,8.99
2633,6
2634,7
2635,33.06
2636,66.94
2637,105.6
2638,147.02
2639,126.61
2640,93.02
2641,154.5
2642,145.8
2643,145.8
2644,149.18
2645,155.2
2646,167
2647,173.57
2648,203.56
2649,209
2650,176.82
2651,161
2652,153
2653,147.02
2654,145
2655,104
2656,101
2657,101.77
2658,123.67
2659,154.69
2660,178.07
2661,223.61
2662,220.44
2663,199.71
2664,187.81
2665,216.06
2666,200
2667,187.01
2668,179.41
2669,176.09
2670,189.58
2671,218.07
2672,239.95
2673,244.1
2674,221.05
2675,229
2676,211.27
2677,207.77
2678,207
2679,204.45
2680,201.98
2681,201.98
2682,201.42
2683,206.43
2684,209.61
2685,209.97
2686,215.35
2687,209.89
2688,199.01
2689,180.21
2690,173.15
2691,168.03
2692,142
2693,126.58
2694,122.45
2695,135.31
2696,120.1
2697,86.69
2698,72.02
2699,55.39
2700,4.79
2701,3.7
2702,3.7
2703,3.7
2704,1.17
2705,1.17
2706,1.17
2707,3.7
2708,18.94
2709,119.99
2710,173.15
2711,182.48
2712,170.38
2713,144
2714,115
2715,112.99
2716,108.45
2717,102.39
2718,112.99
2719,130.04
2720,137.02
2721,154
2722,150.01
2723,120
2724,109.95
2725,112.99
2726,130.04
2727,116.95
2728,108.24
2729,102
2730,112.99
2731,165.01
2732,198.65
2733,224.95
2734,257.04
2735,255
2736,246.02
2737,267.43
2738,260.51
2739,248.87
2740,238.52
2741,232.61
2742,230.88
2743,237.23
2744,254.12
2745,249.59
2746,238.77
2747,221.75
2748,204.26
2749,181.98
2750,180.1
2751,173.76
2752,170
2753,170.56
2754,180
2755,207
2756,231.76
2757,260
2758,264.93
2759,254
2760,232.61
2761,237.76
2762,231.13
2763,222.62
2764,211.79
2765,214.47
2766,232.95
2767,251.07
2768,255.6
2769,256
2770,246
2771,237.76
2772,228.57
2773,223
2774,215
2775,205.53
2776,205
2777,207.26
2778,223
2779,229.13
2780,241.55
2781,265.01
2782,270.01
2783,255
2784,245.51
2785,211.96
2786,205
2787,196.36
2788,194.53
2789,197.51
2790,209.94
2791,242.97
2792,254.94
2793,262
2794,252.74
2795,235.38
2796,216.74
2797,207.66
2798,200.62
2799,193.22
2800,190.96
2801,191.35
2802,206.49
2803,223.86
2804,235.17
2805,254.07
2806,254.94
2807,235.33
2808,224.99
2809,219.39
2810,206.12
2811,198
2812,202.5
2813,201.5
2814,218.35
2815,250
2816,250.16
2817,263.43
2818,251.26
2819,224.93
2820,214.7
2821,208
2822,200.09
2823,197.05
2824,196.3
2825,197.13
2826,217.63
2827,230
2828,240.34
2829,254.48
2830,267.85
2831,250.16
2832,222.78
2833,206.05
2834,203.15
2835,202.52
2836,203.23
2837,205.09
2838,213.86
2839,230
2840,244.74
2841,248.41
2842,234.45
2843,213.32
2844,204.66
2845,195
2846,191
2847,186
2848,186
2849,195
2850,202.11
2851,204.84
2852,218.19
2853,250.01
2854,254.97
2855,241.56
2856,221.46
2857,204.78
2858,189.1
2859,189.91
2860,187.47
2861,189.96
2862,194.81
2863,201
2864,206.59
2865,210.01
2866,195.5
2867,178
2868,175
2869,175
2870,172.94
2871,166.35
2872,159.69
2873,145
2874,138
2875,164.25
2876,175
2877,212
2878,232.01
2879,218.5
2880,193.91
2881,206
2882,199.7
2883,197.56
2884,192.2
2885,197.43
2886,201.32
2887,195
2888,194.95
2889,186.94
2890,182.04
2891,177.31
2892,170.93
2893,167.39
2894,150.74
2895,140.4
2896,131.7
2897,117.77
2898,95.05
2899,128.27
2900,164.06
2901,211.62
2902,227
2903,222.96
2904,210.26
2905,198
2906,197.52
2907,194.69
2908,193.76
2909,196.34
2910,209.31
2911,209.31
2912,212.93
2913,212.61
2914,208.64
2915,192.45
2916,168.57
2917,185.01
2918,190.45
2919,184.45
2920,168.57
2921,161.88
2922,155.01
2923,161
2924,163.94
2925,206.01
2926,217.2
2927,210
2928,205.7
2929,152.89
2930,153.89
2931,184.08
2932,185.12
2933,187.04
2934,191.19
2935,155.74
2936,199.68
2937,205.7
2938,200
2939,175
2940,195.01
2941,196.39
2942,196.01
2943,183.33
2944,195.54
2945,195.5
2946,195.5
2947,197.78
2948,205.19
2949,211.96
2950,223.5
2951,211.25
2952,198.02
2953,205.25
2954,200
2955,199.45
2956,200.56
2957,201.14
2958,201.95
2959,203.6
2960,208.45
2961,213.07
2962,203.29
2963,192.41
2964,185.25
2965,200.78
2966,200.78
2967,200.11
2968,201.16
2969,200.78
2970,200
2971,199.45
2972,199
2973,210
2974,218
2975,208.1
2976,199
2977,199.42
2978,190.99
2979,185
2980,191.96
2981,199.84
2982,200.04
2983,200.56
2984,210
2985,212.87
2986,205
2987,198.92
2988,168.78
2989,180
2990,179
2991,161.19
2992,160.25
2993,157.24
2994,159
2995,170.1
2996,191.45
2997,213
2998,225.14
2999,214.34
3000,204.45
3001,217.9
3002,213.74
3003,207.56
3004,204.02
3005,206.57
3006,213.11
3007,215.01
3008,220.69
3009,217.68
3010,204.55
3011,200.55
3012,194.55
3013,190.55
3014,181
3015,164.03
3016,160
3017,150.5
3018,150.05
3019,156.41
3020,198.55
3021,210
3022,231.47
3023,224.3
3024,210.38
3025,209.78
3026,205
3027,202.83
3028,200.01
3029,199.5
3030,200.1
3031,201.78
3032,205.61
3033,205
3034,170.7
3035,156.99
3036,151.42
3037,149.99
3038,152
3039,148
3040,148
3041,145.23
3042,145.23
3043,155.11
3044,205.61
3045,218.34
3046,229
3047,223.12
3048,208.38
3049,208.1
3050,193.3
3051,191.92
3052,186.01
3053,182.98
3054,186.06
3055,184.97
3056,185.93
3057,183.62
3058,163.45
3059,140.33
3060,128.17
3061,135
3062,135
3063,117.99
3064,96.62
3065,113.6
3066,149.4
3067,180
3068,209.78
3069,223.76
3070,238.35
3071,225.91
3072,217.9
3073,209.08
3074,199.21
3075,196.07
3076,191.11
3077,193.68
3078,210.72
3079,222
3080,231.76
3081,228.47
3082,219.21
3083,199.95
3084,197.6
3085,200.23
3086,199.15
3087,191.92
3088,183.94
3089,190.63
3090,202.01
3091,205.4
3092,211.99
3093,226.82
3094,250.44
3095,231.57
3096,216.72
3097,216.41
3098,205.61
3099,197.97
3100,198
3101,198.35
3102,202.35
3103,224.08
3104,237.95
3105,235
3106,220
3107,210.02
3108,201.5
3109,195.63
3110,186.52
3111,185
3112,176.22
3113,179.37
3114,193.58
3115,209.78
3116,215.95
3117,230
3118,236.96
3119,229.09
3120,223.61
3121,207.15
3122,192.8
3123,185.5
3124,179
3125,179.46
3126,185.72
3127,216.37
3128,228.84
3129,224
3130,200
3131,180.24
3132,171.25
3133,166.04
3134,163.98
3135,161.4
3136,155.31
3137,155.11
3138,157.37
3139,166.04
3140,174.16
3141,216.37
3142,220
3143,206.01
3144,192.93
3145,166.04
3146,164.99
3147,163.98
3148,161.11
3149,163.02
3150,172.42
3151,209.78
3152,212.97
3153,216.06
3154,210
3155,204.22
3156,186.18
3157,175.01
3158,166.04
3159,164.99
3160,163.98
3161,163.98
3162,165.68
3163,186.18
3164,200.01
3165,212.97
3166,227.49
3167,224.32
3168,212.97
3169,210
3170,202.71
3171,189
3172,177.01
3173,185
3174,203.2
3175,226.93
3176,233.66
3177,238
3178,225.1
3179,207.46
3180,201.1
3181,195.18
3182,187.55
3183,167
3184,165.5
3185,166
3186,164.99
3187,195.18
3188,220
3189,227.22
3190,229
3191,223.95
3192,221.95
3193,219.74
3194,219.42
3195,211.55
3196,214.92
3197,202
3198,196
3199,202.01
3200,194.3
3201,184.94
3202,164.99
3203,161.6
3204,160.77
3205,159.83
3206,143.72
3207,138.5
3208,136.59
3209,147.92
3210,162.02
3211,206.38
3212,225
3213,240.04
3214,241.87
3215,239
3216,224.15
3217,214.91
3218,196.35
3219,185.43
3220,174.15
3221,170.17
3222,170.25
3223,162.92
3224,158.57
3225,154.98
3226,110.6
3227,95.98
3228,90
3229,75
3230,45.35
3231,15
3232,1.03
3233,1.03
3234,1.17
3235,10.09
3236,155.99
3237,218.26
3238,226.18
3239,219.57
3240,200.5
3241,180.18
3242,169.06
3243,169.13
3244,169.89
3245,169.53
3246,182.04
3247,229.95
3248,234
3249,240
3250,230.32
3251,210.62
3252,186.31
3253,180.05
3254,169
3255,160.7
3256,160.32
3257,160.5
3258,160.99
3259,163.9
3260,200
3261,229.74
3262,247.03
3263,238.55
3264,229.74
3265,203.39
3266,195.94
3267,189.1
3268,185.05
3269,189.2
3270,202.24
3271,227
3272,237
3273,228.85
3274,209.89
3275,179.89
3276,162.04
3277,161.58
3278,161.57
3279,160.99
3280,161
3281,161.6
3282,169
3283,186.56
3284,222
3285,245.39
3286,265.88
3287,245.46
3288,233.95
3289,206.47
3290,187.89
3291,180.01
3292,176.41
3293,173.79
3294,179.61
3295,219.95
3296,235
3297,230
3298,218.81
3299,206.05
3300,173.79
3301,170.71
3302,167.3
3303,165.04
3304,167.28
3305,168.28
3306,171.71
3307,179.94
3308,212.45
3309,228.27
3310,237.72
3311,225.73
3312,194.47
3313,196.96
3314,185.01
3315,179.94
3316,176.27
3317,177.98
3318,185.06
3319,222.33
3320,235.7
3321,230.01
3322,215.94
3323,198.22
3324,171.59
3325,167.02
3326,163.7
3327,161.18
3328,157.14
3329,157.14
3330,162.1
3331,164.54
3332,182
3333,220.43
3334,236.21
3335,226.03
3336,213.31
3337,211.1
3338,195.98
3339,189.56
3340,188
3341,189.56
3342,208.62
3343,226.51
3344,230.05
3345,230.72
3346,224
3347,204.97
3348,200.28
3349,195
3350,190.07
3351,180.18
3352,174
3353,180.18
3354,190
3355,214.92
3356,225.63
3357,226.87
3358,218.03
3359,205.27
3360,190.17
3361,180
3362,169.27
3363,169.26
3364,165.87
3365,164.84
3366,164.94
3367,164.84
3368,164.85
3369,166.54
3370,172.97
3371,178.82
3372,174.89
3373,170.57
3374,167.45
3375,164.67
3376,161.55
3377,159.33
3378,164.84
3379,171.58
3380,201
3381,219.32
3382,228.11
3383,227.05
3384,216.42
3385,214.57
3386,179.4
3387,172.5
3388,172.24
3389,172.21
3390,174.65
3391,180.18
3392,180.18
3393,180.01
3394,169.47
3395,165.49
3396,160
3397,149.01
3398,141.98
3399,101.4
3400,103.7
3401,133.19
3402,141.98
3403,149.9
3404,166.54
3405,220.43
3406,227.9
3407,220.43
3408,216.11
3409,197.01
3410,180.18
3411,171.55
3412,171.54
3413,171.49
3414,172.54
3415,202.7
3416,224.96
3417,230.02
3418,220.97
3419,217.19
3420,202.68
3421,188.88
3422,187.91
3423,177
3424,177.68
3425,175.01
3426,180.18
3427,180.18
3428,214.94
3429,210.07
3430,215
3431,210.01
3432,180.18
3433,173
3434,165.76
3435,166
3436,168.27
3437,170.57
3438,182
3439,201.4
3440,210.29
3441,212
3442,193
3443,180.18
3444,169.47
3445,180.18
3446,169.47
3447,162.04
3448,160.94
3449,159.22
3450,160.01
3451,160.01
3452,162.54
3453,194.3
3454,220.3
3455,211.91
3456,187.4
3457,190.73
3458,180.06
3459,170.51
3460,167.92
3461,169.9
3462,178.14
3463,211.11
3464,227.98
3465,222.55
3466,209
3467,184
3468,167.1
3469,180.18
3470,180.18
3471,157.55
3472,156.94
3473,155
3474,156
3475,165.44
3476,185
3477,208.46
3478,214
3479,204.61
3480,187.4
3481,182.9
3482,171.5
3483,160.01
3484,150.55
3485,150.54
3486,153.5
3487,180
3488,195.05
3489,189.88
3490,163.44
3491,162.48
3492,163.06
3493,163.79
3494,155
3495,154.99
3496,152.5
3497,154.38
3498,161.07
3499,162.08
3500,194.85
3501,199.8
3502,218
3503,210
3504,209.55
3505,175.01
3506,150.2
3507,146.49
3508,146.04
3509,146.04
3510,147.54
3511,174.75
3512,189
3513,195.94
3514,185.28
3515,166.1
3516,168.92
3517,164.23
3518,163.29
3519,159.33
3520,150
3521,147.54
3522,146.54
3523,147.54
3524,168.5
3525,199.8
3526,214.57
3527,203.29
3528,189
3529,169.11
3530,151.53
3531,158.68
3532,148.5
3533,151
3534,160.83
3535,176.56
3536,177.89
3537,171.01
3538,152.67
3539,144.56
3540,145.01
3541,148.5
3542,144
3543,141.7
3544,138.46
3545,126.04
3546,130
3547,143.5
3548,161.65
3549,209
3550,227.98
3551,215
3552,200.86
3553,183.13
3554,179
3555,159.8
3556,154.07
3557,151
3558,161.01
3559,175.75
3560,160
3561,144
3562,140.08
3563,140
3564,145.06
3565,141
3566,133.49
3567,123.78
3568,121.59
3569,120
3570,139.54
3571,146
3572,183.02
3573,214.94
3574,224.97
3575,228.03
3576,214.96
3577,203.9
3578,198.96
3579,192.65
3580,190.69
3581,188.59
3582,195.74
3583,230.68
3584,231.07
3585,227.98
3586,215.39
3587,210.05
3588,198.59
3589,198.4
3590,191.62
3591,188.59
3592,180
3593,169
3594,183.98
3595,190.99
3596,212.6
3597,238
3598,250.2
3599,243.68
3600,227.5
3601,225
3602,216.34
3603,213.57
3604,213.57
3605,212
3606,210.6
3607,228.68
3608,247.77
3609,243.14
3610,225.9
3611,210.12
3612,201.43
3613,193.09
3614,184.07
3615,190.14
3616,180.18
3617,180.18
3618,185
3619,195.44
3620,220
3621,240
3622,247.51
3623,240.01
3624,227.98
3625,222
3626,212.59
3627,205
3628,198.95
3629,195
3630,198.95
3631,230
3632,249.68
3633,246.36
3634,228.82
3635,211.8
3636,205.58
3637,195.99
3638,180
3639,175.5
3640,173
3641,171.1
3642,174
3643,177.93
3644,205.67
3645,247.81
3646,262.6
3647,250
3648,232.55
3649,241.89
3650,238.97
3651,228.51
3652,228.41
3653,221.55
3654,223
3655,236.95
3656,241.89
3657,236.75
3658,198.8
3659,180.18
3660,179.94
3661,179.93
3662,174.91
3663,172
3664,171.85
3665,176.23
3666,181.06
3667,217.65
3668,230.65
3669,238.97
3670,256.46
3671,255.01
3672,242.15
3673,238.02
3674,232
3675,228
3676,227.98
3677,219.04
3678,221.5
3679,232
3680,238.02
3681,238.02
3682,230
3683,220
3684,210
3685,192.52
3686,180.19
3687,172.5
3688,172.44
3689,176
3690,180
3691,192.02
3692,211.19
3693,221.83
3694,236.92
3695,240
3696,237.91
3697,238.02
3698,237.91
3699,221.38
3700,216.58
3701,209.78
3702,216.07
3703,216.07
3704,224.59
3705,210.19
3706,197.4
3707,197.1
3708,190.5
3709,182.33
3710,178.37
3711,171
3712,158.2
3713,155.6
3714,160.9
3715,177.4
3716,197.71
3717,209.24
3718,241.5
3719,245.86
3720,238.97
3721,233.57
3722,218
3723,211
3724,214.6
3725,209.99
3726,214.5
3727,213
3728,207.23
3729,185.7
3730,169.76
3731,166.55
3732,166.55
3733,166
3734,166.55
3735,164.99
3736,161.4
3737,160
3738,160
3739,163.55
3740,169.76
3741,210
3742,241.89
3743,245
3744,236
3745,215.27
3746,198.69
3747,188.3
3748,187.4
3749,185.7
3750,188.3
3751,215.27
3752,225
3753,215.58
3754,190.99
3755,185.7
3756,180.5
3757,175.75
3758,174
3759,175.75
3760,171.25
3761,169
3762,168.05
3763,169.55
3764,200
3765,214.97
3766,235.8
3767,233.78
3768,214
3769,207.62
3770,190.9
3771,179.27
3772,176
3773,174.75
3774,174.75
3775,175.7
3776,216.93
3777,220.12
3778,210.99
3779,196.95
3780,196.65
3781,195.96
3782,185
3783,173.8
3784,164.99
3785,164.07
3786,173.1
3787,178.3
3788,196.34
3789,227.46
3790,228.81
3791,220.26
3792,210.97
3793,190.72
3794,174.99
3795,171.29
3796,173.04
3797,173.04
3798,175.93
3799,197.42
3800,213.93
3801,215.01
3802,205.29
3803,190.85
3804,189
3805,175.93
3806,170.03
3807,163.54
3808,160.54
3809,160.23
3810,162.04
3811,165.75
3812,187.96
3813,212.36
3814,211.98
3815,211
3816,198.89
3817,189.01
3818,170.63
3819,165
3820,165.38
3821,165.57
3822,170
3823,196.6
3824,215.41
3825,215.71
3826,200.63
3827,193.34
3828,185
3829,183.05
3830,174
3831,161.93
3832,158.5
3833,154.37
3834,156
3835,165.57
3836,186
3837,200.97
3838,210.24
3839,209.09
3840,192.07
3841,196.58
3842,176.7
3843,169.4
3844,168.92
3845,169.4
3846,188
3847,207.91
3848,213.76
3849,212.84
3850,200
3851,185.85
3852,192
3853,196.48
3854,190.92
3855,182.03
3856,171.8
3857,171.8
3858,196.33
3859,204.81
3860,210.98
3861,220.46
3862,216.9
3863,215.48
3864,205.07
3865,208.01
3866,202.56
3867,196.45
3868,196.45
3869,196.45
3870,196.45
3871,196.45
3872,195.78
3873,184.83
3874,172.25
3875,177.55
3876,180
3877,168.48
3878,165.16
3879,164.22
3880,159
3881,166
3882,180.8
3883,173.47
3884,196.39
3885,214
3886,233.22
3887,233.22
3888,214.77
3889,195
3890,184.24
3891,175.01
3892,167
3893,167
3894,169.82
3895,173.47
3896,173.43
3897,164.99
3898,157.05
3899,154.3
3900,151.7
3901,146.5
3902,149.1
3903,148
3904,138.7
3905,136.05
3906,146.5
3907,161
3908,185.31
3909,205.98
3910,222.8
3911,225.88
3912,219.03
3913,198.64
3914,180
3915,162
3916,160.5
3917,161.5
3918,169.27
3919,200.03
3920,210.98
3921,204.81
3922,200.23
3923,199.62
3924,199.62
3925,203.76
3926,204.02
3927,202.54
3928,197.62
3929,196.73
3930,200.23
3931,204.8
3932,222.12
3933,238.15
3934,238.4
3935,236.12
3936,223.13
3937,220.1
3938,218.8
3939,208.06
3940,203.87
3941,200.16
3942,203.87
3943,215.22
3944,227.88
3945,227.84
3946,222.47
3947,216.97
3948,203.56
3949,201.45
3950,201.32
3951,200.58
3952,194
3953,202.56
3954,204.58
3955,209.62
3956,220
3957,237.76
3958,242.27
3959,234.9
3960,219.25
3961,194.07
3962,183.5
3963,177.67
3964,173.02
3965,173.18
3966,180.03
3967,175.56
3968,178.91
3969,178.91
3970,165.56
3971,154.85
3972,153.21
3973,154.55
3974,155.4
3975,153
3976,144.17
3977,148
3978,145.99
3979,145
3980,157.07
3981,178.91
3982,180.03
3983,175.56
3984,148
3985,195.52
3986,165.05
3987,154
3988,151.7
3989,152.11
3990,162.55
3991,163.7
3992,186.5
3993,186.5
3994,165.06
3995,162.55
3996,154
3997,154
3998,157.18
3999,150
4000,151.7
4001,152.11
4002,162.55
4003,162.55
4004,193.5
4005,202.37
4006,210.44
4007,210.19
4008,193.68
4009,195.56
4010,186.88
4011,179.85
4012,175.57
4013,175.57
4014,175.57
4015,175.88
4016,185.65
4017,181.45
4018,180.03
4019,179.74
4020,175.57
4021,175.57
4022,173.44
4023,160.22
4024,159.81
4025,159.81
4026,160
4027,166.62
4028,180
4029,189.38
4030,196.4
4031,196.61
4032,184.5
4033,226.05
4034,194.7
4035,180.03
4036,175
4037,172.72
4038,170.51
4039,157.28
4040,147.28
4041,133.32
4042,130.12
4043,147.28
4044,136.09
4045,122.36
4046,117.66
4047,105
4048,99.12
4049,95.17
4050,97.14
4051,102.5
4052,119.94
4053,151.5
4054,176
4055,189
4056,171.09
4057,184.52
4058,164.34
4059,150
4060,135.94
4061,120.6
4062,112.7
4063,112.7
4064,119.31
4065,107.18
4066,95.5
4067,82.1
4068,79.44
4069,79.44
4070,80
4071,77.49
4072,63.74
4073,50
4074,70
4075,90
4076,116.5
4077,160.28
4078,206
4079,250
4080,234.9
4081,187.12
4082,174.64
4083,170.5
4084,170.01
4085,170
4086,170.01
4087,170.5
4088,187.11
4089,187.12
4090,171.09
4091,165.15
4092,143.92
4093,140.43
4094,130
4095,121.58
4096,117.77
4097,110.44
4098,115.37
4099,120.02
4100,138.71
4101,160.01
4102,187.56
4103,197.91
4104,172.56
4105,170.28
4106,150.73
4107,148
4108,145.92
4109,148.8
4110,150.66
4111,149.84
4112,175.56
4113,175.56
4114,153.7
4115,145
4116,141.22
4117,140.44
4118,135.73
4119,130.25
4120,127.05
4121,126.36
4122,127.05
4123,127.05
4124,130.75
4125,146.13
4126,180.03
4127,180.03
4128,146.53
4129,153.38
4130,148.04
4131,141.58
4132,139.87
4133,142.85
4134,148.06
4135,148.04
4136,171.09
4137,170.8
4138,150.93
4139,148.67
4140,147.5
4141,147.19
4142,147.19
4143,140.62
4144,134.86
4145,133.04
4146,132.66
4147,134.86
4148,147.6
4149,172.42
4150,195.66
4151,195.62
4152,173.47
4153,186.5
4154,170.79
4155,153.41
4156,151.94
4157,151.84
4158,153.21
4159,148.71
4160,172.23
4161,172.23
4162,149.86
4163,147.14
4164,148.05
4165,147.34
4166,142.08
4167,129.7
4168,127.05
4169,124.55
4170,124.42
4171,124.32
4172,127.1
4173,142.38
4174,172.23
4175,180
4176,149.45
4177,161.6
4178,148.09
4179,143.38
4180,139.25
4181,136.49
4182,135.97
4183,131.16
4184,148.74
4185,131.77
4186,123.22
4187,119.75
4188,118.25
4189,119.48
4190,118.75
4191,116.75
4192,112.7
4193,111.7
4194,117.05
4195,121.9
4196,129.7
4197,157.64
4198,185.25
4199,191.52
4200,182
4201,185
4202,177.61
4203,169.56
4204,164.16
4205,160
4206,155.43
4207,148.74
4208,142.58
4209,130.4
4210,130.4
4211,129.7
4212,120
4213,110.25
4214,109.01
4215,97
4216,77.1
4217,65.71
4218,66.47
4219,77.1
4220,92.99
4221,119.73
4222,154.56
4223,160.38
4224,145
4225,141.68
4226,135.79
4227,134.64
4228,134.64
4229,134.64
4230,137.37
4231,139.96
4232,134.64
4233,133.12
4234,116.47
4235,107
4236,100.94
4237,106.7
4238,102.7
4239,100.4
4240,87.55
4241,78.75
4242,74.25
4243,77
4244,91.05
4245,124.15
4246,143.97
4247,153.21
4248,140
4249,142.43
4250,129.54
4251,120
4252,115.25
4253,120.5
4254,134.64
4255,142.94
4256,144.85
4257,157.61
4258,143
4259,141.68
4260,138.99
4261,142.43
4262,142.43
4263,140
4264,132
4265,130.92
4266,132
4267,134.64
4268,142.43
4269,165.02
4270,181
4271,180
4272,165.15
4273,147.01
4274,135
4275,131.4
4276,135
4277,137.46
4278,147.95
4279,150.56
4280,165.44
4281,165.02
4282,150.56
4283,139.68
4284,135
4285,140
4286,143.55
4287,136.01
4288,132.86
4289,131.4
4290,131.2
4291,131.2
4292,133.43
4293,160.56
4294,171.09
4295,170
4296,150.56
4297,167.01
4298,157
4299,145
4300,145
4301,146
4302,152.29
4303,168.1
4304,170.1
4305,167.01
4306,143.51
4307,131.4
4308,125.69
4309,125
4310,128.25
4311,128.25
4312,119.79
4313,104.68
4314,99.05
4315,99.05
4316,99.05
4317,123.2
4318,131.2
4319,131.4
4320,124.7
4321,139.33
4322,136.87
4323,136.87
4324,140
4325,141.38
4326,141.98
4327,143
4328,151
4329,143
4330,137.01
4331,136.7
4332,130.37
4333,127.01
4334,121.4
4335,116
4336,110.6
4337,100.41
4338,99.78
4339,99.36
4340,114.7
4341,139.81
4342,156
4343,158.6
4344,150
4345,147.64
4346,146.48
4347,143.7
4348,142.4
4349,144.96
4350,146.75
4351,146.75
4352,152.61
4353,147.64
4354,146.15
4355,148.74
4356,147.79
4357,153.21
4358,151
4359,144.96
4360,140.25
4361,134.63
4362,134.02
4363,124.99
4364,138.91
4365,146.15
4366,154.7
4367,154.12
4368,146.75
4369,167.29
4370,161.7
4371,159.1
4372,154.59
4373,157.06
4374,159.61
4375,160.57
4376,148.58
4377,144.25
4378,133.58
4379,136.77
4380,129.97
4381,120.77
4382,122.99
4383,114.2
4384,112.7
4385,109.25
4386,110.3
4387,118.26
4388,140
4389,152
4390,167.29
4391,170.34
4392,167
4393,164.99
4394,160
4395,149.99
4396,145.5
4397,145.62
4398,145.62
4399,145.4
4400,163.75
4401,163.75
4402,164.77
4403,166
4404,167
4405,122.99
4406,125.1
4407,117.6
4408,99.16
4409,91.2
4410,91.55
4411,114
4412,128.3
4413,160
4414,177.16
4415,193.06
4416,180
4417,165.79
4418,164.37
4419,153.04
4420,150
4421,152.5
4422,152.73
4423,164.77
4424,176
4425,176
4426,165.79
4427,164.77
4428,158.86
4429,161.01
4430,163.58
4431,163.58
4432,158.86
4433,152.73
4434,148.74
4435,143.83
4436,146
4437,164.77
4438,171.09
4439,166.62
4440,152.73
4441,149.95
4442,130
4443,120.1
4444,118.78
4445,114.57
4446,120
4447,130
4448,149.95
4449,150.36
4450,148.61
4451,148.5
4452,147.64
4453,148.5
4454,149.95
4455,148.5
4456,130
4457,128
4458,127.95
4459,126.95
4460,130
4461,149.95
4462,163.58
4463,161
4464,147.1
4465,148
4466,116.45
4467,116.3
4468,115.55
4469,116.35
4470,125
4471,148.74
4472,161.59
4473,161.59
4474,155
4475,155.89
4476,151.89
4477,155.22
4478,155.89
4479,148.1
4480,134.8
4481,124.43
4482,122.09
4483,142
4484,156.5
4485,166.62
4486,174.5
4487,173.09
4488,161.59
4489,155.06
4490,131
4491,116.45
4492,115.55
4493,114.99
4494,114.99
4495,115.55
4496,120
4497,115.55
4498,110
4499,111.05
4500,110.22
4501,114.95
4502,115.55
4503,115.95
4504,115.55
4505,117.66
4506,115.55
4507,115.55
4508,115.55
4509,151.81
4510,169
4511,169
4512,149.59
4513,161.09
4514,149.88
4515,129
4516,120.89
4517,123
4518,129.99
4519,150.56
4520,161
4521,161.09
4522,140.5
4523,133.95
4524,145.5
4525,153.21
4526,160
4527,150.56
4528,143.3
4529,134.19
4530,132.25
4531,130
4532,145.5
4533,165.87
4534,169.12
4535,169.12
4536,162
4537,156.63
4538,150.9
4539,151
4540,154.61
4541,156.63
4542,160
4543,166.62
4544,151.92
4545,149
4546,138.4
4547,134.13
4548,134.25
4549,137.56
4550,139.15
4551,138.71
4552,134.25
4553,129.5
4554,129.5
4555,134.13
4556,138.51
4557,161.09
4558,175.56
4559,179.85
4560,165
4561,153.95
4562,149.99
4563,150
4564,150
4565,153.14
4566,153.95
4567,153.14
4568,144.01
4569,125.43
4570,119.05
4571,116.8
4572,118.22
4573,120
4574,125.43
4575,125.43
4576,119.06
4577,117.54
4578,116.62
4579,118.22
4580,122
4581,153.21
4582,171.09
4583,184
4584,166.62
4585,164.67
4586,158.18
4587,153.14
4588,135.06
4589,139
4590,152.85
4591,158.69
4592,165.84
4593,170
4594,159.51
4595,156.56
4596,153.36
4597,157.07
4598,157.07
4599,153
4600,145
4601,142.31
4602,144.25
4603,149
4604,158.18
4605,175
4606,191.39
4607,181.01
4608,160.78
4609,169.85
4610,150
4611,144.95
4612,127
4613,123.55
4614,127
4615,140
4616,150.31
4617,150.41
4618,145.06
4619,143.94
4620,143.94
4621,148.2
4622,150
4623,150.41
4624,151.86
4625,152.37
4626,154.01
4627,162.69
4628,175.87
4629,196.89
4630,201.6
4631,200
4632,177.01
4633,171.4
4634,161
4635,150
4636,145
4637,151
4638,160.35
4639,149.99
4640,171.4
4641,168.56
4642,153.06
4643,159
4644,156
4645,158.87
4646,158.97
4647,153.06
4648,152.96
4649,147.23
4650,148.45
4651,140
4652,153.16
4653,174.63
4654,186.31
4655,185
4656,171.4
4657,190
4658,174.56
4659,169.03
4660,162.06
4661,163.59
4662,169.39
4663,171.01
4664,178.17
4665,175.87
4666,171.01
4667,167.43
4668,170.77
4669,171
4670,170.77
4671,170.77
4672,172.69
4673,173.61
4674,173.61
4675,172.81
4676,171.79
4677,172.81
4678,170.6
4679,169.03
4680,169.03
4681,145
4682,142.45
4683,138
4684,135.05
4685,135.4
4686,140
4687,139.99
4688,145
4689,147.9
4690,143.06
4691,142.45
4692,142.45
4693,141.94
4694,142.94
4695,143.06
4696,143.06
4697,143.15
4698,143.15
4699,143.15
4700,149.99
4701,175
4702,184.01
4703,180.06
4704,170
4705,175.65
4706,161
4707,150
4708,130.05
4709,136.85
4710,137
4711,130.05
4712,123.45
4713,123.35
4714,122.32
4715,123.25
4716,123.35
4717,123.35
4718,123.35
4719,123.25
4720,123.35
4721,123.45
4722,123.45
4723,123.45
4724,126.72
4725,164.32
4726,176.16
4727,176.16
4728,160.74
4729,110.09
4730,103.91
4731,102.62
4732,102
4733,102.9
4734,102.92
4735,102.78
4736,101.82
4737,96.81
4738,81.72
4739,95.04
4740,95.04
4741,95.04
4742,95.04
4743,84
4744,78.09
4745,81.72
4746,88.04
4747,93.96
4748,101.7
4749,141.62
4750,166.03
4751,179.27
4752,160.74
4753,142.98
4754,112.9
4755,111.04
4756,110.67
4757,111.4
4758,112.78
4759,130
4760,149.11
4761,150
4762,147.09
4763,131
4764,112.78
4765,112.28
4766,111.78
4767,104.76
4768,95
4769,95
4770,91.27
4771,100
4772,100
4773,110.05
4774,112.48
4775,112.9
4776,111.16
4777,150.01
4778,132.11
4779,125
4780,118.49
4781,130.09
4782,131.83
4783,139.51
4784,153.58
4785,153.58
4786,148.81
4787,139
4788,134
4789,136.36
4790,135.86
4791,130.6
4792,120
4793,123.71
4794,125.69
4795,133.75
4796,148.3
4797,167.9
4798,180
4799,182.49
4800,175.82
4801,153.93
4802,149.6
4803,143.84
4804,149.09
4805,146.22
4806,149.6
4807,149.61
4808,149.61
4809,149.6
4810,140.72
4811,138.44
4812,140.52
4813,150
4814,153.58
4815,151.29
4816,153.29
4817,149.61
4818,140.42
4819,137.47
4820,140.42
4821,151.11
4822,154.35
4823,153.58
4824,145
4825,142.9
4826,136.5
4827,119.91
4828,111.25
4829,115
4830,129.64
4831,142.9
4832,150.11
4833,149.7
4834,145
4835,141.96
4836,139.51
4837,150.5
4838,143.11
4839,137.09
4840,137.19
4841,143.18
4842,148.09
4843,148.09
4844,142.9
4845,148.6
4846,151.06
4847,151.22
4848,148.09
4849,148.09
4850,140.17
4851,121.38
4852,120
4853,120.38
4854,132.6
4855,146.88
4856,148.18
4857,148.09
4858,145.52
4859,146.88
4860,145.01
4861,146.88
4862,145.52
4863,133.11
4864,128
4865,120
4866,115.7
4867,110.1
4868,110.99
4869,130
4870,139.13
4871,140
4872,120.25
4873,157.49
4874,150.84
4875,146.48
4876,145.47
4877,145.47
4878,145.47
4879,145.98
4880,146.48
4881,145.98
4882,145.07
4883,145.47
4884,145.98
4885,147.09
4886,149.25
4887,147.01
4888,145.47
4889,139.97
4890,139.87
4891,146.48
4892,160
4893,178.29
4894,215
4895,221.1
4896,193.14
4897,168
4898,166.55
4899,160.5
4900,158.34
4901,159.9
4902,159.9
4903,156.93
4904,144.3
4905,124.2
4906,119.47
4907,119.47
4908,119.57
4909,119.57
4910,119.47
4911,119.37
4912,119.37
4913,115.3
4914,115.3
4915,119.37
4916,119.57
4917,150.84
4918,168.64
4919,192.01
4920,175
4921,186.58
4922,173.54
4923,165
4924,160.26
4925,160.04
4926,163.44
4927,163.44
4928,170.26
4929,172.26
4930,168.64
4931,164.76
4932,161.44
4933,161.62
4934,161.62
4935,155.13
4936,148
4937,127.46
4938,125.56
4939,125.12
4940,127.56
4941,160
4942,164.2
4943,166.41
4944,160.14
4945,144.03
4946,134
4947,125.12
4948,125.1
4949,125.1
4950,128
4951,144.34
4952,154.18
4953,158
4954,148.02
4955,155.13
4956,152.46
4957,162.87
4958,165
4959,160.04
4960,150.99
4961,140.99
4962,134
4963,126.17
4964,136.01
4965,154.35
4966,160.74
4967,165
4968,155
4969,145.89
4970,138.05
4971,130
4972,125.12
4973,127.02
4974,136.07
4975,141.94
4976,156.3
4977,160.13
4978,151.64
4979,140.63
4980,141.94
4981,153.33
4982,159.21
4983,155.13
4984,157.93
4985,153.6
4986,151.64
4987,140.83
4988,151.74
4989,160.14
4990,164.2
4991,162.26
4992,153.33
4993,180
4994,176.07
4995,170
4996,165
4997,165.45
4998,170
4999,175
5000,178.19
5001,179
5002,170
5003,165.45
5004,167.37
5005,177.58
5006,177.58
5007,168.18
5008,162.76
5009,160.52
5010,159.27
5011,151.17
5012,159.61
5013,175
5014,178.09
5015,177.58
5016,167.77
5017,161
5018,150.29
5019,142.81
5020,138.51
5021,139.01
5022,142.91
5023,145.54
5024,150.29
5025,150.29
5026,139.01
5027,135.34
5028,135.34
5029,145.85
5030,148.02
5031,141.01
5032,135.95
5033,132.91
5034,120.51
5035,119
5036,133.01
5037,153.33
5038,156.93
5039,150.29
5040,129
5041,163.78
5042,155.69
5043,148.55
5044,139.01
5045,120.99
5046,120.12
5047,120.12
5048,117.6
5049,116.8
5050,114.8
5051,114.3
5052,115
5053,116.8
5054,120.12
5055,120.12
5056,120.12
5057,120
5058,116.9
5059,120.12
5060,142.78
5061,148
5062,149.29
5063,150
5064,148.46
5065,121.17
5066,115.99
5067,106.99
5068,100.9
5069,108.17
5070,110
5071,111.14
5072,106.99
5073,95
5074,90.87
5075,85.62
5076,93.11
5077,93.11
5078,100.12
5079,103
5080,104.48
5081,101.98
5082,100.12
5083,108.17
5084,117.48
5085,152.16
5086,165
5087,183.03
5088,164.64
5089,157.48
5090,153.33
5091,150.15
5092,148.02
5093,147.39
5094,150.15
5095,150.15
5096,148
5097,150.15
5098,145.13
5099,124.99
5100,139.01
5101,145.13
5102,140.65
5103,144.78
5104,142.01
5105,140.13
5106,147.39
5107,148
5108,153.33
5109,159.43
5110,165.09
5111,165
5112,153.95
5113,156.43
5114,151.81
5115,145
5116,144.78
5117,149.65
5118,153.33
5119,154.43
5120,152.62
5121,151.81
5122,147
5123,130
5124,129
5125,131.07
5126,140
5127,146.63
5128,147.13
5129,147.39
5130,149.65
5131,152.13
5132,161.57
5133,170
5134,180
5135,175
5136,164.63
5137,169.67
5138,161
5139,153.15
5140,147
5141,144.56
5142,149.01
5143,155
5144,162.06
5145,162.06
5146,151.15
5147,132
5148,127.65
5149,133.66
5150,127.65
5151,129
5152,126
5153,126
5154,129
5155,131.04
5156,151.56
5157,168
5158,176
5159,172.23
5160,163.95
5161,170
5162,160.92
5163,152.3
5164,144
5165,140
5166,148.95
5167,150
5168,160
5169,160
5170,150
5171,147.09
5172,147.09
5173,147.09
5174,145.5
5175,136.01
5176,130
5177,125
5178,125
5179,124.99
5180,140
5181,155.01
5182,165.01
5183,161.95
5184,147.7
5185,155.01
5186,128.1
5187,122.4
5188,120.3
5189,120.3
5190,122.3
5191,125
5192,133.65
5193,131.9
5194,133
5195,124
5196,122.4
5197,127
5198,135.01
5199,128.43
5200,126.1
5201,124
5202,126.1
5203,142.57
5204,150
5205,160.11
5206,164
5207,164
5208,160.11
5209,162.93
5210,162.93
5211,155
5212,155
5213,138.01
5214,140.1
5215,148.1
5216,155
5217,155
5218,129
5219,121.92
5220,121.92
5221,121.92
5222,125.69
5223,121.92
5224,121.92
5225,121.92
5226,121.92
5227,133.55
5228,160
5229,167.7
5230,180
5231,174.86
5232,167.7
5233,163.95
5234,163
5235,146.01
5236,135.1
5237,141.7
5238,151.9
5239,151
5240,163.5
5241,163.5
5242,166.15
5243,167.64
5244,170
5245,115
5246,115
5247,113.1
5248,109.58
5249,103.59
5250,110.46
5251,113.1
5252,120.28
5253,163.95
5254,170.81
5255,175
5256,170
5257,163.44
5258,157.5
5259,142
5260,130
5261,130
5262,140
5263,152.64
5264,153.35
5265,162.93
5266,152.46
5267,137.83
5268,135.05
5269,143.28
5270,143.95
5271,134.1
5272,128
5273,126
5274,129.1
5275,139.1
5276,153.15
5277,166.5
5278,170.36
5279,168.01
5280,152.64
5281,162.47
5282,155.51
5283,135.57
5284,130
5285,129
5286,131.01
5287,143.59
5288,152.74
5289,152.85
5290,145.49
5291,140
5292,130
5293,139.1
5294,144.88
5295,125.25
5296,124.17
5297,125.25
5298,134.74
5299,152.46
5300,152.46
5301,164.24
5302,170.17
5303,169.59
5304,162.32
5305,155.8
5306,150.11
5307,142.5
5308,130.1
5309,141.8
5310,144.52
5311,142.53
5312,149.85
5313,152.46
5314,153.15
5315,149.08
5316,133.99
5317,124.1
5318,124.1
5319,124.1
5320,122
5321,124.1
5322,136.01
5323,149.08
5324,153.15
5325,166.5
5326,171.68
5327,170.01
5328,163.95
5329,164.28
5330,157.51
5331,149.94
5332,140
5333,140
5334,144.01
5335,150.44
5336,160.61
5337,160.61
5338,157.81
5339,149.96
5340,140
5341,139.65
5342,144.99
5343,126.2
5344,123.5
5345,123.5
5346,136.99
5347,149.94
5348,158.22
5349,170
5350,176.05
5351,173.1
5352,167.14
5353,176.07
5354,162.3
5355,153.69
5356,150.27
5357,150.27
5358,153.19
5359,164.26
5360,176.07
5361,176.07
5362,168.43
5363,161.28
5364,148.1
5365,151.01
5366,157.1
5367,143.03
5368,127.6
5369,124.69
5370,129.18
5371,144.81
5372,164.34
5373,176.7
5374,182.78
5375,180
5376,176.7
5377,174.85
5378,168.44
5379,164.48
5380,159.53
5381,159.53
5382,158.26
5383,159.53
5384,158.04
5385,158.26
5386,162.5
5387,159.99
5388,128.24
5389,147.72
5390,136.1
5391,119.12
5392,119.12
5393,118.25
5394,118.25
5395,120
5396,155.93
5397,170
5398,179.32
5399,180.6
5400,179.71
5401,190.94
5402,189.32
5403,186.05
5404,185.12
5405,183.61
5406,182.85
5407,181.23
5408,169.66
5409,161
5410,125
5411,114.8
5412,112.2
5413,111.2
5414,111.2
5415,109.76
5416,103.01
5417,91.15
5418,90.4
5419,96.68
5420,115.2
5421,183.1
5422,197.4
5423,200.01
5424,189.47
5425,177.79
5426,170.5
5427,161
5428,137.07
5429,125.1
5430,125.4
5431,157.1
5432,158.28
5433,157.1
5434,147
5435,120
5436,168.73
5437,168.73
5438,168.01
5439,161
5440,119
5441,115
5442,113.1
5443,120
5444,167.21
5445,179.83
5446,194.25
5447,195
5448,184.69
5449,176.5
5450,165.39
5451,159.64
5452,159.64
5453,144.99
5454,143.01
5455,156.97
5456,168.36
5457,170
5458,149.18
5459,118.88
5460,137.83
5461,125.1
5462,121.1
5463,113.5
5464,106.65
5465,105
5466,106.65
5467,106.65
5468,112.8
5469,161.03
5470,180.03
5471,180.01
5472,168
5473,170.51
5474,165.54
5475,158.66
5476,156.01
5477,154.9
5478,161.01
5479,167.86
5480,172.01
5481,161.99
5482,150
5483,120.6
5484,106.98
5485,111.36
5486,125
5487,123.6
5488,106.98
5489,104.14
5490,102.2
5491,99.67
5492,109
5493,149.89
5494,168
5495,160
5496,137.21
5497,149.04
5498,150
5499,149.04
5500,125
5501,125
5502,135.99
5503,160.25
5504,165
5505,164.51
5506,140
5507,105
5508,100
5509,105
5510,106.98
5511,105
5512,99
5513,98.6
5514,100
5515,105
5516,137.83
5517,170.71
5518,189.33
5519,177.83
5520,168.06
5521,135.99
5522,115.51
5523,110
5524,90
5525,91.62
5526,92.92
5527,147
5528,150.66
5529,150
5530,116.1
5531,90
5532,90
5533,106.84
5534,120
5535,117.99
5536,130
5537,137.07
5538,139.32
5539,150
5540,167.6
5541,197.32
5542,230.18
5543,200
5544,172.28
5545,179.18
5546,178.2
5547,177.6
5548,176.57
5549,177.29
5550,177.29
5551,178.2
5552,175
5553,171.08
5554,170
5555,159.51
5556,150
5557,155.41
5558,159.92
5559,151.66
5560,133.4
5561,120
5562,121.87
5563,150.4
5564,169.66
5565,186.49
5566,230
5567,223.01
5568,187
5569,205.41
5570,193.27
5571,189.31
5572,185
5573,181.94
5574,180.06
5575,181.66
5576,181.43
5577,175.51
5578,175.06
5579,134.98
5580,105
5581,107
5582,105
5583,92.92
5584,78.1
5585,71.03
5586,25.09
5587,71.03
5588,118.2
5589,172
5590,182.66
5591,182.68
5592,177.02
5593,207.9
5594,185
5595,171.61
5596,150
5597,145.71
5598,153.3
5599,183
5600,205.41
5601,205
5602,185.84
5603,149.99
5604,125
5605,132.09
5606,160
5607,159.06
5608,140.9
5609,140
5610,137.83
5611,175
5612,207.9
5613,223.5
5614,250
5615,229.99
5616,209.66
5617,192.67
5618,174.74
5619,150
5620,148.6
5621,150
5622,155
5623,180.44
5624,184.84
5625,182.8
5626,157.7
5627,159
5628,162.75
5629,169.84
5630,184.84
5631,185.04
5632,180.19
5633,170.07
5634,170
5635,182.74
5636,206.4
5637,235.51
5638,250
5639,239.18
5640,217.97
5641,215.58
5642,209.56
5643,210.06
5644,208.23
5645,208.01
5646,200
5647,183.91
5648,207.74
5649,208.14
5650,200.99
5651,151.17
5652,147.6
5653,148.5
5654,160.6
5655,150
5656,140.35
5657,140.07
5658,143.98
5659,148
5660,204.86
5661,220.78
5662,236.79
5663,223.24
5664,218.69
5665,201.27
5666,155
5667,152
5668,151
5669,148.1
5670,143.98
5671,152
5672,180.33
5673,180.83
5674,191.23
5675,154
5676,140.35
5677,140.35
5678,150
5679,143.1
5680,140.35
5681,133.1
5682,133.1
5683,145.99
5684,155.36
5685,203.12
5686,209.26
5687,201.27
5688,180
5689,200.39
5690,148.78
5691,135.1
5692,125
5693,125.62
5694,125.62
5695,135.67
5696,185
5697,166
5698,137.73
5699,130
5700,130
5701,142.95
5702,199.99
5703,192
5704,193.66
5705,199.99
5706,200
5707,203.12
5708,214.69
5709,224.01
5710,243.86
5711,233.65
5712,215
5713,185.31
5714,170
5715,148.86
5716,142.92
5717,150.1
5718,160.1
5719,169.26
5720,160.07
5721,150.1
5722,140
5723,130
5724,127
5725,128
5726,129
5727,129
5728,128
5729,128
5730,129.17
5731,137
5732,179.99
5733,220
5734,242.82
5735,239.18
5736,217.05
5737,220
5738,210
5739,185.25
5740,177.31
5741,166.39
5742,166.29
5743,173.34
5744,181.82
5745,180.3
5746,180.3
5747,180.3
5748,180.3
5749,130.99
5750,130
5751,126.06
5752,99.62
5753,116.06
5754,120.48
5755,127
5756,130
5757,210.87
5758,225
5759,225
5760,220.2
5761,215.49
5762,201.44
5763,180
5764,160
5765,173.92
5766,179.33
5767,200.25
5768,204.73
5769,216.88
5770,210.71
5771,190
5772,169.57
5773,160.91
5774,145
5775,139.99
5776,132.9
5777,136.94
5778,143.86
5779,180.31
5780,213.86
5781,239.01
5782,253.07
5783,247.48
5784,226.46
5785,227.49
5786,220
5787,215.02
5788,211.65
5789,215
5790,215.62
5791,220
5792,228
5793,229.74
5794,215.77
5795,191.8
5796,180
5797,174.78
5798,175.19
5799,172.59
5800,160.1
5801,160
5802,169.86
5803,174.78
5804,197.65
5805,221.51
5806,237
5807,223.31
5808,210.25
5809,227.82
5810,195
5811,184.95
5812,181.69
5813,181.79
5814,184.95
5815,186.24
5816,224.99
5817,225.82
5818,220
5819,186.84
5820,167.08
5821,161.92
5822,165
5823,159.5
5824,156.8
5825,156.25
5826,156.68
5827,158.8
5828,179.94
5829,220
5830,227
5831,208
5832,178.04
5833,200
5834,181.99
5835,178.54
5836,178.54
5837,181.23
5838,189.65
5839,198.64
5840,227.31
5841,228.4
5842,225
5843,197.65
5844,179.25
5845,178.65
5846,179
5847,175.08
5848,148.6
5849,149.7
5850,157.68
5851,176.12
5852,210
5853,230.01
5854,250
5855,228.4
5856,191.23
5857,157.39
5858,141.98
5859,137.76
5860,137.54
5861,137.76
5862,140.92
5863,140.92
5864,193.18
5865,200
5866,194.72
5867,152.79
5868,140.92
5869,149
5870,146.78
5871,139.64
5872,130
5873,119.77
5874,120.77
5875,129.98
5876,141.98
5877,194.65
5878,205.27
5879,160
5880,137.54
5881,149.95
5882,137.64
5883,124.01
5884,117.79
5885,136.12
5886,141.17
5887,151.99
5888,149.99
5889,155.44
5890,137.64
5891,101
5892,96.44
5893,93.5
5894,91.5
5895,80
5896,50
5897,23.77
5898,30
5899,68.1
5900,95.5
5901,163.9
5902,206.8
5903,203.16
5904,155.96
5905,200.7
5906,180
5907,176
5908,179
5909,180
5910,185
5911,190.3
5912,194.99
5913,204.29
5914,180
5915,102.46
5916,85.5
5917,82.5
5918,80.5
5919,65.16
5920,39.31
5921,19.9
5922,21.09
5923,80
5924,126.56
5925,204.88
5926,250
5927,252.02
5928,238.64
5929,216.01
5930,203.21
5931,195.52
5932,190
5933,191
5934,195.52
5935,206.1
5936,220.5
5937,221.5
5938,206.8
5939,195
5940,168
5941,147.79
5942,142.14
5943,137.16
5944,121.24
5945,121.19
5946,129.48
5947,143.2
5948,197.75
5949,223.95
5950,277
5951,253.2
5952,221.5
5953,190.99
5954,143.2
5955,138.57
5956,136.57
5957,137.57
5958,139.57
5959,145.37
5960,213.95
5961,214.69
5962,193.51
5963,144.99
5964,139.57
5965,139.5
5966,138.57
5967,130.77
5968,129.77
5969,129.77
5970,133.16
5971,140
5972,213.95
5973,243.94
5974,261.67
5975,240.97
5976,229.01
5977,115.19
5978,107.07
5979,96.93
5980,95.5
5981,95.5
5982,95.5
5983,108.98
5984,170
5985,177.03
5986,119.98
5987,99.1
5988,93.5
5989,91.5
5990,82.42
5991,53.94
5992,50.1
5993,48.42
5994,53.02
5995,76
5996,98.3
5997,155.96
5998,189.15
5999,164.42
6000,120
6001,153.14
6002,150
6003,146.71
6004,130.1
6005,130.1
6006,130
6007,137.9
6008,161.6
6009,175.06
6010,162.12
6011,157.35
6012,150.89
6013,152.63
6014,153.14
6015,138.93
6016,129.99
6017,125
6018,130
6019,148.8
6020,158.29
6021,200
6022,250
6023,198.36
6024,172.36
6025,190
6026,170.78
6027,160.1
6028,157.27
6029,157.17
6030,159.93
6031,152.77
6032,193.48
6033,205
6034,171.55
6035,133.01
6036,120.52
6037,118.69
6038,118
6039,121.04
6040,119.58
6041,118.17
6042,121
6043,119.14
6044,160.1
6045,234.67
6046,250
6047,220
6048,161.43
6049,209.39
6050,190
6051,172.86
6052,171.63
6053,170.91
6054,170.91
6055,171.63
6056,172.86
6057,171.63
6058,165.2
6059,140.68
6060,147.87
6061,148.69
6062,148.93
6063,140.1
6064,123.35
6065,120.83
6066,135
6067,157
6068,186
6069,250.19
6070,300
6071,255.1
6072,204.51
6073,210
6074,191.34
6075,189.77
6076,187.52
6077,185.73
6078,184.26
6079,184.15
6080,180.05
6081,157
6082,177.38
6083,135.82
6084,118.15
6085,112.35
6086,108.6
6087,100.2
6088,99.5
6089,98.5
6090,102.07
6091,116.04
6092,175.86
6093,193.67
6094,252
6095,221.71
6096,192.44
6097,190.39
6098,165.25
6099,155.01
6100,140
6101,140
6102,140
6103,162.25
6104,188.87
6105,204
6106,220
6107,200
6108,175.04
6109,160
6110,161.25
6111,135
6112,135.97
6113,156.1
6114,176.38
6115,193.92
6116,206.32
6117,225.03
6118,240.01
6119,183.11
6120,161.25
6121,131.27
6122,120
6123,113.25
6124,100
6125,91.73
6126,90
6127,101.55
6128,120
6129,120.07
6130,130
6131,126.04
6132,114.25
6133,113.25
6134,113
6135,109.68
6136,110
6137,111.25
6138,112.25
6139,130.21
6140,170
6141,205.19
6142,212
6143,195.07
6144,150
6145,110
6146,104.48
6147,95.25
6148,94.25
6149,95.25
6150,101.75
6151,109.21
6152,130
6153,153.05
6154,153.05
6155,142.04
6156,113.9
6157,118.43
6158,111
6159,109.21
6160,108
6161,109.21
6162,111
6163,131.48
6164,175.01
6165,215
6166,240
6167,208.1
6168,168.05
6169,174.52
6170,170.01
6171,165.05
6172,155.04
6173,164.79
6174,165.05
6175,168
6176,176.69
6177,194.45
6178,186.9
6179,176.29
6180,175.99
6181,176.43
6182,176.68
6183,176.09
6184,172.5
6185,165.05
6186,168
6187,173.01
6188,194.84
6189,210
6190,215.25
6191,179.44
6192,155
6193,191.42
6194,181.6
6195,165
6196,156.43
6197,155.2
6198,155.71
6199,171
6200,192.83
6201,201.36
6202,190.13
6203,170
6204,181.6
6205,181.6
6206,180.1
6207,154.69
6208,144.09
6209,140
6210,141.32
6211,150
6212,181.01
6213,201.76
6214,202.28
6215,180
6216,146
6217,90
6218,63.93
6219,59.64
6220,55
6221,53.95
6222,54.63
6223,54.84
6224,58.43
6225,58.63
6226,49
6227,15.01
6228,10
6229,19.28
6230,30.1
6231,30.1
6232,47.63
6233,49.69
6234,51.32
6235,88.1
6236,100
6237,141.52
6238,167.5
6239,106.5
6240,88.1
6241,145.07
6242,141.52
6243,140
6244,124.45
6245,138.53
6246,141.52
6247,146.5
6248,157.46
6249,150.61
6250,140
6251,99.32
6252,87.2
6253,85.7
6254,85.7
6255,84.92
6256,61.01
6257,84.58
6258,99.4
6259,145.07
6260,156.31
6261,182.6
6262,202.28
6263,182.89
6264,175.95
6265,178.15
6266,157
6267,151.8
6268,147.7
6269,155.12
6270,165
6271,192.83
6272,205.94
6273,220
6274,209.71
6275,202.6
6276,199.99
6277,200
6278,200
6279,196
6280,192.83
6281,194.59
6282,189.54
6283,201.1
6284,206.34
6285,248.8
6286,235.1
6287,202.6
6288,180
6289,172.31
6290,144.15
6291,135.95
6292,134.2
6293,136.5
6294,143.47
6295,160
6296,183.17
6297,191.85
6298,184.74
6299,150.5
6300,131.43
6301,131.43
6302,131.43
6303,126
6304,124.5
6305,126
6306,126
6307,133.58
6308,173.72
6309,189.76
6310,188.54
6311,140
6312,128.08
6313,121.06
6314,109.5
6315,110
6316,105.95
6317,104.89
6318,109
6319,122.78
6320,148.33
6321,166.62
6322,153.81
6323,139.69
6324,132.1
6325,138.7
6326,139.06
6327,127.2
6328,126
6329,127.2
6330,138.2
6331,148.43
6332,180.99
6333,187.93
6334,185.68
6335,150.05
6336,124.5
6337,170
6338,163.59
6339,161.5
6340,161.6
6341,163.59
6342,167.42
6343,169.16
6344,195
6345,221.29
6346,196.8
6347,175.55
6348,165.68
6349,165.17
6350,163.01
6351,150
6352,138.7
6353,138.7
6354,158.54
6355,166.7
6356,180.54
6357,250
6358,239.64
6359,176.88
6360,171
6361,152.26
6362,143.95
6363,128.05
6364,115.2
6365,115.2
6366,115.2
6367,115.32
6368,173
6369,178.04
6370,147.99
6371,111.95
6372,101.91
6373,99.5
6374,99
6375,96.28
6376,95.7
6377,96.6
6378,99.08
6379,115.2
6380,158.01
6381,182.17
6382,178.5
6383,139.65
6384,112
6385,160.08
6386,147
6387,127.93
6388,117.46
6389,117.16
6390,110.01
6391,110
6392,107.41
6393,118.72
6394,119.32
6395,117.39
6396,87.25
6397,76.23
6398,73.05
6399,64
6400,60.56
6401,50.1
6402,54.05
6403,64
6404,117.26
6405,157.04
6406,160
6407,128.05
6408,117.76
6409,105.61
6410,105.79
6411,95
6412,100.51
6413,100.79
6414,105.51
6415,101.11
6416,100
6417,75.2
6418,69
6419,30.83
6420,1.44
6421,3.83
6422,15
6423,13.07
6424,30.9
6425,35.91
6426,20
6427,34.16
6428,116
6429,148.16
6430,156.82
6431,144.68
6432,101.49
6433,93.18
6434,80
6435,75.64
6436,80
6437,85.1
6438,94.34
6439,96.34
6440,120.04
6441,140.66
6442,139
6443,122.52
6444,110.34
6445,120
6446,120
6447,115
6448,102.2
6449,98.34
6450,110.11
6451,123.1
6452,140
6453,218.6
6454,208.05
6455,149.98
6456,120.04
6457,142.53
6458,139.07
6459,133.33
6460,120.01
6461,90.02
6462,88.93
6463,128.77
6464,138.12
6465,139.07
6466,136.1
6467,91.93
6468,60.5
6469,58.18
6470,48.9
6471,39.03
6472,21.01
6473,21.01
6474,37.1
6475,58.57
6476,125.71
6477,150.81
6478,164
6479,139.07
6480,132.04
6481,130
6482,117.04
6483,115
6484,110.01
6485,103
6486,102.75
6487,115.81
6488,139.14
6489,145
6490,132.04
6491,116.53
6492,94.28
6493,84.99
6494,70.2
6495,53.43
6496,40
6497,36.18
6498,50.56
6499,79.38
6500,115.81
6501,174.88
6502,203.74
6503,146.17
6504,131
6505,115.81
6506,112.32
6507,102.94
6508,94.94
6509,92.89
6510,93.95
6511,110.1
6512,145
6513,155
6514,131.86
6515,105.44
6516,90.1
6517,90.1
6518,90.1
6519,89.06
6520,86
6521,86
6522,92.89
6523,107.42
6524,130.54
6525,180
6526,200
6527,135
6528,115.01
6529,92.79
6530,90.2
6531,90.1
6532,90.2
6533,92.86
6534,96.1
6535,132.3
6536,170.1
6537,174.28
6538,135.61
6539,92.72
6540,80.5
6541,83.2
6542,83.53
6543,80.5
6544,80
6545,80.5
6546,90.1
6547,105
6548,150
6549,200
6550,218
6551,177.04
6552,155.72
6553,167
6554,103.8
6555,90.56
6556,85
6557,79.22
6558,77.97
6559,90.56
6560,98.37
6561,128.3
6562,135.99
6563,100.05
6564,95
6565,91
6566,85.11
6567,72.72
6568,74.87
6569,81.57
6570,94
6571,128.6
6572,180.85
6573,218.65
6574,188.89
6575,170.25
6576,147.71
6577,185.04
6578,156.1
6579,159.94
6580,150.3
6581,125.31
6582,150.2
6583,177.7
6584,170.5
6585,154.07
6586,134
6587,99.87
6588,92.86
6589,99.63
6590,99.05
6591,88
6592,96.08
6593,99.88
6594,105
6595,149.34
6596,177
6597,220.06
6598,232.99
6599,181.58
6600,175.61
6601,196.39
6602,187
6603,190.28
6604,190.28
6605,194.29
6606,197.7
6607,199.46
6608,204.97
6609,235
6610,215
6611,195.61
6612,187
6613,185.37
6614,180
6615,169.31
6616,165
6617,171.43
6618,187
6619,199.24
6620,215
6621,270
6622,265
6623,208.5
6624,200.3
6625,205.42
6626,183.59
6627,183.89
6628,162.5
6629,170
6630,184.19
6631,205.23
6632,250
6633,255
6634,249.6
6635,161
6636,144
6637,140.95
6638,139.89
6639,134.69
6640,130
6641,130.11
6642,144
6643,178.69
6644,250
6645,280
6646,260
6647,233.13
6648,196.73
6649,217.75
6650,183.39
6651,158.79
6652,145.5
6653,128.5
6654,149
6655,177.39
6656,246.27
6657,250
6658,209.73
6659,148
6660,135
6661,134.9
6662,134.9
6663,129.5
6664,128.5
6665,129.5
6666,134.99
6667,148.89
6668,211.92
6669,240
6670,211.92
6671,149.95
6672,126.78
6673,96.12
6674,90.17
6675,81
6676,77.43
6677,75
6678,75.47
6679,82.5
6680,102.62
6681,118.28
6682,110
6683,96.12
6684,88.8
6685,88.8
6686,91.24
6687,91.42
6688,92.69
6689,93.5
6690,100
6691,118.64
6692,185
6693,216
6694,220
6695,181.74
6696,142
6697,143
6698,136.89
6699,115
6700,114
6701,137.19
6702,138.58
6703,162.02
6704,180
6705,219.23
6706,210.32
6707,162.02
6708,135.6
6709,131.79
6710,125.61
6711,115
6712,113
6713,112.38
6714,132.64
6715,163.03
6716,210
6717,240
6718,210
6719,164.65
6720,132.94
6721,162
6722,143.5
6723,120
6724,114.72
6725,112.84
6726,107.45
6727,109.7
6728,114.99
6729,115
6730,114.72
6731,101.4
6732,82.99
6733,81.49
6734,88
6735,90
6736,88
6737,87.95
6738,94.03
6739,104.03
6740,153.75
6741,182.23
6742,190.01
6743,160
6744,144.55
6745,150.01
6746,130.85
6747,115.3
6748,98.17
6749,98.1
6750,101.1
6751,102
6752,113.11
6753,96.99
6754,90.35
6755,85
6756,83.73
6757,89.4
6758,89.4
6759,80
6760,75.44
6761,75.54
6762,83.32
6763,95.23
6764,153.91
6765,202.94
6766,214.83
6767,190
6768,161.24
6769,118.78
6770,110
6771,105
6772,104.42
6773,102.84
6774,104.42
6775,119.45
6776,162.78
6777,200.05
6778,202.07
6779,189.01
6780,163.5
6781,163.01
6782,162.38
6783,155.3
6784,155.01
6785,155.3
6786,168.41
6787,201.4
6788,241.48
6789,270
6790,220
6791,200.05
6792,159.34
6793,182.04
6794,155.91
6795,146.07
6796,139.99
6797,135.1
6798,140
6799,148.02
6800,195
6801,200.11
6802,200.11
6803,187
6804,169.8
6805,154
6806,150.14
6807,144.9
6808,145
6809,150.41
6810,173.9
6811,188
6812,200.3
6813,246
6814,223.94
6815,182.04
6816,140.7
6817,183.12
6818,154.38
6819,134.51
6820,131
6821,130
6822,129.99
6823,129.11
6824,129.42
6825,130
6826,130
6827,126.12
6828,110.7
6829,104.57
6830,109.11
6831,110.8
6832,105.99
6833,105.99
6834,121.01
6835,130
6836,135.1
6837,188.6
6838,188.6
6839,165
6840,131.85
6841,128
6842,121.54
6843,118.54
6844,121.54
6845,126.12
6846,129.42
6847,141.83
6848,195.3
6849,196.01
6850,195.3
6851,131
6852,120.54
6853,115.99
6854,114.68
6855,113.54
6856,111.94
6857,113.6
6858,122.04
6859,147.71
6860,199.04
6861,202.07
6862,197.02
6863,191.58
6864,142.93
6865,160
6866,132.48
6867,122.3
6868,110
6869,109.52
6870,111.4
6871,121.85
6872,165.09
6873,174.08
6874,167.02
6875,120.09
6876,102.93
6877,99.59
6878,97.17
6879,93.67
6880,92
6881,94.25
6882,103.23
6883,133.78
6884,186.3
6885,190
6886,202
6887,175.09
6888,160
6889,148.44
6890,134.9
6891,131.58
6892,129.32
6893,129.08
6894,128.65
6895,127.81
6896,130
6897,135.15
6898,129.9
6899,123.03
6900,89.33
6901,81.67
6902,80
6903,71.42
6904,58.4
6905,58.4
6906,70.3
6907,90
6908,133.11
6909,167.76
6910,154.99
6911,145
6912,129.22
6913,129.08
6914,114.63
6915,113.38
6916,114.52
6917,80
6918,79.72
6919,89.53
6920,113.38
6921,109.98
6922,125
6923,114.73
6924,79.72
6925,75
6926,73.51
6927,70.3
6928,70.1
6929,70.1
6930,72.84
6931,113.38
6932,125.05
6933,148.9
6934,144.96
6935,138.16
6936,129.21
6937,128.31
6938,114.41
6939,105.65
6940,89.64
6941,89.64
6942,113.25
6943,139.42
6944,175
6945,202.21
6946,193.66
6947,168.01
6948,140.23
6949,120.45
6950,112.27
6951,105.14
6952,102.05
6953,109.63
6954,119
6955,153.72
6956,174.62
6957,205
6958,192.4
6959,164.79
6960,147
6961,135.12
6962,100.5
6963,92.82
6964,89.64
6965,86.54
6966,82.15
6967,122
6968,148
6969,158.61
6970,153.76
6971,127.73
6972,80.2
6973,72.51
6974,59.52
6975,50
6976,47.83
6977,54.7
6978,78.25
6979,137.7
6980,146.21
6981,162.01
6982,155.58
6983,140.16
6984,97.57
6985,122.59
6986,111.72
6987,76.93
6988,69.36
6989,64.39
6990,60.1
6991,60.1
6992,70.2
6993,79
6994,80
6995,69.06
6996,55.92
6997,50.65
6998,50.65
6999,48.37
7000,48.61
7001,54.21
7002,65
7003,115
7004,117
7005,136.74
7006,125.04
7007,110
7008,76.34
7009,80
7010,72.34
7011,68.74
7012,65
7013,66.74
7014,68.89
7015,75
7016,102.01
7017,117
7018,119.72
7019,105
7020,95
7021,77.04
7022,74.4
7023,68.69
7024,64.22
7025,70.32
7026,76.68
7027,98.59
7028,102.59
7029,122.96
7030,115
7031,97
7032,76.8
7033,90
7034,77.84
7035,75
7036,75.4
7037,79.99
7038,84.98
7039,95.9
7040,113
7041,120.75
7042,121.81
7043,116.38
7044,114.38
7045,110.96
7046,107.99
7047,105
7048,105
7049,107.79
7050,114.38
7051,112.38
7052,120
7053,172.76
7054,136.21
7055,115
7056,114.38
7057,143.43
7058,125.47
7059,113.94
7060,115
7061,106
7062,103.22
7063,120
7064,118.81
7065,127.28
7066,127.38
7067,111.86
7068,120
7069,99.99
7070,84.32
7071,72.6
7072,58.7
7073,55.2
7074,64.3
7075,75
7076,115.72
7077,140.67
7078,134.8
7079,118.24
7080,89.79
7081,80.1
7082,74.1
7083,65.3
7084,65.3
7085,64.29
7086,65.3
7087,64.29
7088,70.2
7089,72.52
7090,75.2
7091,71.01
7092,64.29
7093,59.3
7094,52.9
7095,15
7096,4.11
7097,4.11
7098,59.3
7099,88
7100,121.99
7101,130.37
7102,138.22
7103,131
7104,111.86
7105,89.3
7106,80
7107,80
7108,88.71
7109,77.6
7110,79
7111,109.98
7112,120.89
7113,129.92
7114,130.37
7115,117.3
7116,112.39
7117,95.23
7118,89.3
7119,88.71
7120,89.3
7121,96.5
7122,116.89
7123,136.46
7124,150.16
7125,180.01
7126,155
7127,124.31
7128,97.5
7129,115.86
7130,94.2
7131,88.65
7132,80.65
7133,78.6
7134,78.6
7135,88.9
7136,118.65
7137,141.11
7138,130.37
7139,110.16
7140,108.18
7141,101.55
7142,88.65
7143,84.8
7144,85.31
7145,88.9
7146,105.97
7147,125.08
7148,134.81
7149,153.32
7150,127.7
7151,117.45
7152,112.33
7153,94.63
7154,88.8
7155,85.9
7156,85.4
7157,85.9
7158,88.6
7159,94.26
7160,135.89
7161,145.02
7162,135
7163,128.87
7164,112.8
7165,105.16
7166,94.26
7167,94.9
7168,93.83
7169,99.39
7170,119.13
7171,132.96
7172,147
7173,138.02
7174,111.97
7175,99.1
7176,90.1
7177,96.63
7178,97.52
7179,97.92
7180,91.72
7181,90
7182,95
7183,110
7184,135
7185,172.32
7186,143.38
7187,128.92
7188,118.81
7189,104.67
7190,100.65
7191,93
7192,90.1
7193,90.26
7194,107.74
7195,137.31
7196,151
7197,138.3
7198,131.37
7199,124.36
7200,101.1
7201,90.31
7202,89.64
7203,88.02
7204,88.02
7205,88.6
7206,90.1
7207,111.33
7208,132.25
7209,140
7210,137.89
7211,130.3
7212,114.94
7213,106.13
7214,101.03
7215,100.5
7216,93.66
7217,105.25
7218,124.35
7219,133.31
7220,135.31
7221,132.96
7222,128.92
7223,105.82
7224,94.38
7225,93.85
7226,92.77
7227,90.41
7228,87.98
7229,87
7230,86.57
7231,89.33
7232,101.96
7233,115.04
7234,109
7235,95.48
7236,87
7237,84
7238,80.9
7239,83.6
7240,84.6
7241,85.2
7242,105.78
7243,131.31
7244,133.41
7245,130.96
7246,131.31
7247,125.96
7248,120
7249,139.17
7250,105.1
7251,105.05
7252,100.9
7253,100
7254,104.02
7255,98.98
7256,103.5
7257,110.27
7258,114
7259,135
7260,138.34
7261,132.12
7262,131.82
7263,132.12
7264,125.69
7265,124.61
7266,140.2
7267,156
7268,170.38
7269,200
7270,225.35
7271,209.27
7272,157.31
7273,161.31
7274,150
7275,116.32
7276,114.6
7277,115.07
7278,124.17
7279,145.96
7280,166.56
7281,168
7282,153.3
7283,143.35
7284,141.95
7285,141.96
7286,145.96
7287,155
7288,169.15
7289,166.78
7290,180
7291,183.26
7292,185
7293,231.69
7294,250
7295,220
7296,208.36
7297,140
7298,125.4
7299,100.53
7300,100.43
7301,98
7302,93.7
7303,93.7
7304,93.1
7305,93.7
7306,95.92
7307,89.74
7308,82
7309,85.91
7310,80.88
7311,81.1
7312,85
7313,96.39
7314,121.73
7315,133.79
7316,136
7317,178.59
7318,180
7319,139.49
7320,122.59
7321,108.6
7322,105.64
7323,101.04
7324,101.01
7325,101.04
7326,102.2
7327,120
7328,144.41
7329,152.29
7330,129
7331,115.3
7332,106.3
7333,105.33
7334,103.54
7335,107.74
7336,107.28
7337,125.72
7338,166.29
7339,180
7340,177.65
7341,189
7342,146.69
7343,120.53
7344,107
7345,120
7346,104.11
7347,98.7
7348,93.7
7349,90.91
7350,92.52
7351,97.56
7352,110.81
7353,130
7354,120.46
7355,109.41
7356,112.1
7357,125.5
7358,129.07
7359,133.3
7360,133.3
7361,139.22
7362,144.11
7363,173.52
7364,155.33
7365,137.41
7366,132.2
7367,128.49
7368,113.72
7369,151.15
7370,147.25
7371,146.15
7372,135.3
7373,122.13
7374,135.27
7375,154.74
7376,166.77
7377,166.46
7378,154.92
7379,139.89
7380,123.27
7381,118
7382,112.8
7383,112.44
7384,112.58
7385,139.59
7386,158.42
7387,179.38
7388,217.74
7389,195.58
7390,187
7391,174
7392,159.78
7393,146.67
7394,133.79
7395,118.76
7396,114.99
7397,114.99
7398,114.99
7399,114.36
7400,120
7401,118.6
7402,110.5
7403,107.04
7404,102.58
7405,106.46
7406,109.2
7407,108.48
7408,107.04
7409,113.8
7410,157.27
7411,170
7412,163.29
7413,149.99
7414,148.49
7415,129
7416,114.72
7417,138.34
7418,130.36
7419,110.94
7420,96.09
7421,92.65
7422,96.09
7423,96.11
7424,102.04
7425,98.87
7426,92.61
7427,90.93
7428,94.24
7429,92.1
7430,95.16
7431,96.4
7432,105
7433,114.38
7434,134.08
7435,155.61
7436,144.59
7437,144.01
7438,147.7
7439,140
7440,133.31
7441,142.95
7442,103.8
7443,103.2
7444,102.65
7445,100.89
7446,105.09
7447,131.34
7448,154.31
7449,159.93
7450,146.2
7451,103.8
7452,102.65
7453,100.32
7454,97.68
7455,98.87
7456,99.2
7457,107
7458,147.25
7459,154.31
7460,159.72
7461,149.54
7462,125.53
7463,103.61
7464,102
7465,96.03
7466,88.01
7467,85.76
7468,79.76
7469,72.25
7470,88.01
7471,96.1
7472,132.61
7473,138.16
7474,120.81
7475,113.87
7476,99.5
7477,96.58
7478,98
7479,100.75
7480,106
7481,131.28
7482,145
7483,156.89
7484,158.9
7485,147.78
7486,127.95
7487,129.22
7488,112.26
7489,107.35
7490,101.75
7491,100.41
7492,97.27
7493,97.27
7494,100
7495,124.06
7496,145.53
7497,156.38
7498,148.51
7499,135.17
7500,125.61
7501,125.35
7502,123.64
7503,125
7504,127
7505,148.21
7506,163.81
7507,172.92
7508,190
7509,160.39
7510,148.51
7511,131.27
7512,124.96
7513,119.28
7514,114.52
7515,109.91
7516,106.61
7517,105.63
7518,116
7519,130.31
7520,146.46
7521,155.01
7522,141.42
7523,130.61
7524,116
7525,114.56
7526,113.75
7527,110
7528,110.4
7529,132.74
7530,155.39
7531,178
7532,199.39
7533,190.38
7534,167.9
7535,139.92
7536,130.61
7537,139.05
7538,135.29
7539,126.06
7540,109.23
7541,104
7542,108.74
7543,117
7544,139.39
7545,141.86
7546,127.47
7547,113.3
7548,106
7549,106
7550,102.98
7551,100
7552,100.5
7553,110
7554,135.29
7555,138.39
7556,142.39
7557,145.9
7558,136.09
7559,124.16
7560,99.33
7561,123.57
7562,97
7563,90.69
7564,89.98
7565,89.98
7566,89
7567,89.98
7568,87.64
7569,89
7570,87.41
7571,82.63
7572,80.18
7573,78.32
7574,78.16
7575,78.16
7576,78.32
7577,82.9
7578,116.99
7579,146.56
7580,161.45
7581,177.44
7582,162.18
7583,149.26
7584,142.52
7585,142.86
7586,135.29
7587,130.01
7588,127
7589,134.07
7590,135.29
7591,135.29
7592,143
7593,137.27
7594,127.37
7595,111.33
7596,106
7597,104.99
7598,106
7599,104
7600,101.56
7601,111.38
7602,135.48
7603,160.6
7604,170.23
7605,158.26
7606,150.8
7607,155.57
7608,136.87
7609,149.29
7610,140.93
7611,127.66
7612,124.52
7613,115.99
7614,144.92
7615,140.93
7616,155.48
7617,170
7618,172.77
7619,159.81
7620,150.17
7621,140.93
7622,119.52
7623,115.47
7624,115.22
7625,119.88
7626,148.67
7627,155.48
7628,155.63
7629,159.81
7630,148.67
7631,115.95
7632,107.57
7633,110
7634,93.9
7635,90.36
7636,89.95
7637,87
7638,87
7639,92.1
7640,103.5
7641,117.81
7642,114.97
7643,101.1
7644,95.9
7645,94.5
7646,93.9
7647,93.9
7648,95.2
7649,105
7650,127.07
7651,145
7652,150
7653,154.8
7654,152.27
7655,131.53
7656,105
7657,90.52
7658,87
7659,85
7660,84.92
7661,84.4
7662,84.9
7663,89.26
7664,116.5
7665,124.84
7666,126.53
7667,111.15
7668,111.15
7669,100.69
7670,96
7671,96.78
7672,102
7673,111.15
7674,111.15
7675,120
7676,121.28
7677,121.95
7678,121.98
7679,110.28
7680,86.02
7681,49.97
7682,28
7683,14
7684,10
7685,10
7686,28.78
7687,54.17
7688,89.74
7689,92.96
7690,89.74
7691,78.9
7692,75
7693,70.2
7694,69.3
7695,70
7696,80
7697,89.97
7698,102.95
7699,127.53
7700,131.57
7701,135.23
7702,138
7703,131.57
7704,126.82
7705,112.59
7706,109.97
7707,112.44
7708,112.62
7709,113.56
7710,118.05
7711,119.66
7712,117.9
7713,117.9
7714,128.81
7715,123.21
7716,120
7717,120
7718,107.76
7719,90
7720,85
7721,87.67
7722,107.99
7723,107.49
7724,110
7725,110
7726,105.72
7727,105
7728,87
7729,63.87
7730,51.4
7731,50
7732,50
7733,50
7734,50
7735,51.4
7736,59.69
7737,60.83
7738,52
7739,49
7740,25
7741,22
7742,33.5
7743,43.11
7744,47.9
7745,51.4
7746,99.14
7747,118
7748,120.21
7749,123
7750,121.7
7751,114.01
7752,110
7753,94
7754,79.5
7755,65.37
7756,63.4
7757,65
7758,66.52
7759,89.99
7760,98
7761,100
7762,102.06
7763,100
7764,95
7765,88.1
7766,89.9
7767,78
7768,66.52
7769,99.78
7770,110
7771,121.74
7772,150
7773,157.96
7774,134.72
7775,111
7776,91.32
7777,97.84
7778,67.72
7779,59.4
7780,52.2
7781,50.7
7782,51.4
7783,60
7784,98.6
7785,101.32
7786,101.84
7787,98.54
7788,97.84
7789,98.54
7790,97.84
7791,80.23
7792,67.72
7793,67.57
7794,80.23
7795,98.54
7796,95.01
7797,95.01
7798,97.84
7799,67.52
7800,52
7801,48.9
7802,48
7803,48
7804,47.2
7805,47.2
7806,48.9
7807,52.9
7808,90
7809,100
7810,99.63
7811,84.2
7812,66.37
7813,62.7
7814,60.5
7815,62
7816,66.37
7817,79.51
7818,99
7819,103.2
7820,108
7821,107.59
7822,100
7823,79.69
7824,50.7
7825,70
7826,16.38
7827,10
7828,4.11
7829,4.11
7830,8
7831,45.99
7832,86
7833,96
7834,97.84
7835,96
7836,96.53
7837,98
7838,100
7839,102
7840,111.01
7841,130
7842,134.92
7843,140
7844,148.59
7845,160
7846,150
7847,142
7848,125.34
7849,143.14
7850,121.29
7851,116.1
7852,112.02
7853,110.97
7854,110.97
7855,125
7856,145
7857,135.64
7858,131.93
7859,121.28
7860,114.72
7861,116.15
7862,119.59
7863,120.18
7864,130
7865,148.64
7866,153.01
7867,164.1
7868,190
7869,195.76
7870,186.99
7871,152.16
7872,141
7873,150.1
7874,133.1
7875,116.35
7876,108.44
7877,106.23
7878,110.19
7879,120.21
7880,145
7881,156.3
7882,154.95
7883,159.32
7884,151.62
7885,126.21
7886,118.33
7887,106.51
7888,109.51
7889,143.43
7890,165
7891,166.62
7892,176.74
7893,182.61
7894,171.3
7895,158.91
7896,156.45
7897,139.42
7898,105
7899,111.1
7900,104.96
7901,104.18
7902,104.51
7903,121
7904,125
7905,135.93
7906,139.42
7907,120.97
7908,104.18
7909,102.65
7910,104.96
7911,104.51
7912,104.51
7913,143.99
7914,155.76
7915,169.89
7916,171.3
7917,175.01
7918,170.82
7919,155.76
7920,150.24
7921,140.58
7922,135
7923,122.01
7924,99.4
7925,99.4
7926,99.4
7927,101
7928,112
7929,108
7930,100.8
7931,95
7932,92
7933,92.37
7934,99.4
7935,100
7936,100
7937,112.95
7938,145.02
7939,156
7940,156.27
7941,153.72
7942,145.71
7943,135
7944,108
7945,99.91
7946,92.37
7947,90
7948,86.18
7949,79.58
7950,77.1
7951,88.6
7952,98.91
7953,120
7954,98.91
7955,90
7956,87.85
7957,79.23
7958,65.88
7959,65.88
7960,80.14
7961,91.4
7962,111.1
7963,140.83
7964,150.57
7965,165.9
7966,156
7967,139.4
7968,125
7969,110
7970,97.37
7971,94.07
7972,93
7973,92
7974,93
7975,105.04
7976,136.27
7977,136.27
7978,111.5
7979,96.22
7980,96.22
7981,98.04
7982,98.04
7983,97.5
7984,98.04
7985,130
7986,144.76
7987,166.22
7988,185
7989,190.42
7990,167.03
7991,144.56
7992,136.42
7993,133
7994,130
7995,135.07
7996,134.63
7997,131.47
7998,135.07
7999,135.07
8000,146.44
8001,156.36
8002,151.14
8003,148.3
8004,148.3
8005,148.45
8006,148.45
8007,144.8
8008,148.3
8009,151.04
8010,175
8011,180.07
8012,185.83
8013,186
8014,186
8015,159.64
8016,131.47
8017,151.84
8018,132.22
8019,134.26
8020,134.26
8021,123.41
8022,131.01
8023,145
8024,152.42
8025,162.14
8026,161
8027,148.42
8028,148
8029,147
8030,153.38
8031,151.06
8032,151.84
8033,147.21
8034,161.44
8035,168.14
8036,172.32
8037,175.8
8038,164.34
8039,151.03
8040,134.26
8041,120
8042,115.2
8043,110.23
8044,110
8045,110.23
8046,115.98
8047,124.98
8048,139.51
8049,139.71
8050,121
8051,99.36
8052,91.79
8053,95
8054,115.98
8055,110.23
8056,99.6
8057,124.98
8058,153.38
8059,170.57
8060,170.57
8061,171.95
8062,161.71
8063,150.82
8064,140.11
8065,131.01
8066,115
8067,104.52
8068,103.48
8069,105
8070,105
8071,110.02
8072,119.1
8073,131.46
8074,131.01
8075,118.95
8076,106.89
8077,103.76
8078,110
8079,110.19
8080,110.19
8081,105
8082,119.1
8083,140
8084,144.81
8085,145.9
8086,143.01
8087,135.87
8088,131.25
8089,180.95
8090,175
8091,175
8092,170.95
8093,168
8094,168
8095,176.36
8096,176.51
8097,176.72
8098,184.01
8099,180.76
8100,176.51
8101,171.8
8102,175
8103,176.36
8104,176.36
8105,187.9
8106,210.28
8107,237
8108,256
8109,256.68
8110,222.04
8111,196.41
8112,180.76
8113,220.69
8114,175.4
8115,161.4
8116,159.98
8117,157
8118,159.97
8119,162.17
8120,220.06
8121,225.01
8122,226.14
8123,222.44
8124,221.61
8125,215
8126,217.6
8127,221.71
8128,214.9
8129,215.01
8130,221.61
8131,237.2
8132,240.95
8133,245.58
8134,241.37
8135,226.55
8136,213.74
8137,156.51
8138,153.12
8139,148.21
8140,148.21
8141,148.75
8142,153.22
8143,148.21
8144,131.3
8145,132
8146,142.11
8147,148.82
8148,148.32
8149,150.01
8150,154.27
8151,153.38
8152,148.21
8153,154.27
8154,148.21
8155,164
8156,182.75
8157,194.83
8158,182.75
8159,156.51
8160,134.7
8161,142.34
8162,136.23
8163,136.23
8164,134.99
8165,134.7
8166,135.6
8167,136.23
8168,139.17
8169,150.07
8170,156.85
8171,156.17
8172,145.69
8173,145.08
8174,142.34
8175,139.48
8176,137.63
8177,136
8178,143
8179,156.17
8180,156.17
8181,145.69
8182,136.23
8183,137.01
8184,136.23
8185,125.01
8186,109
8187,105.6
8188,104.79
8189,102.6
8190,102.5
8191,104.7
8192,110
8193,110
8194,118.47
8195,119.05
8196,119.05
8197,119.05
8198,120.07
8199,119.05
8200,110.71
8201,119.05
8202,135.93
8203,151.84
8204,165
8205,166.44
8206,152
8207,136.65
8208,110.71
8209,118.1
8210,115.17
8211,112
8212,110
8213,113
8214,117
8215,120.4
8216,126.99
8217,144.05
8218,164
8219,156
8220,155.3
8221,145
8222,148.87
8223,154
8224,158.5
8225,159
8226,164
8227,167.42
8228,170.42
8229,166.84
8230,159
8231,135
8232,119.62
8233,115.3
8234,111.9
8235,100.17
8236,86
8237,82
8238,82.62
8239,100.1
8240,110
8241,114.7
8242,118.47
8243,116.3
8244,116.3
8245,114.7
8246,114.33
8247,113
8248,112.8
8249,113.3
8250,130.07
8251,156.94
8252,176.5
8253,187
8254,185.38
8255,179.92
8256,162.65
8257,172.91
8258,142.32
8259,118.47
8260,114.6
8261,114.6
8262,116
8263,119.05
8264,119.62
8265,135
8266,155
8267,156.47
8268,153.87
8269,143
8270,148.17
8271,152.02
8272,141.02
8273,148.17
8274,156.97
8275,173.92
8276,176.8
8277,181.07
8278,175.48
8279,160.02
8280,140.24
8281,116.3
8282,96.2
8283,96.98
8284,94.9
8285,92.2
8286,94.9
8287,113.33
8288,134
8289,147.34
8290,148.92
8291,135
8292,119.62
8293,115
8294,96.99
8295,95.6
8296,94.9
8297,100
8298,116.3
8299,126.72
8300,135.07
8301,141
8302,130.02
8303,117.32
8304,89.6
8305,4.11
8306,4.11
8307,4.11
8308,4.11
8309,4.11
8310,4.11
8311,75.83
8312,96.2
8313,131.01
8314,139.92
8315,139.5
8316,135.05
8317,140
8318,142
8319,140.13
8320,147
8321,146.08
8322,139.92
8323,140.03
8324,142
8325,146.08
8326,134.45
8327,99
8328,85.6
8329,5
8330,4.11
8331,4.11
8332,1.8
8333,4.11
8334,4.11
8335,4.11
8336,68.9
8337,81.2
8338,90
8339,85.1
8340,87
8341,87
8342,87.7
8343,90.15
8344,100
8345,113.6
8346,137.45
8347,165.02
8348,190.72
8349,192.69
8350,155.01
8351,112.92
8352,81.39
8353,121.24
8354,89.1
8355,82.98
8356,81.8
8357,81.8
8358,89.1
8359,127.97
8360,127.97
8361,122.97
8362,141.07
8363,135.92
8364,131.08
8365,131.33
8366,130.5
8367,130.5
8368,133.92
8369,135.73
8370,151
8371,161
8372,190.72
8373,181
8374,146.94
8375,130.5
8376,127.97
8377,130
8378,122.74
8379,112
8380,103.68
8381,101
8382,103.68
8383,111.01
8384,122.08
8385,131.3
8386,134.82
8387,131.3
8388,122.74
8389,122.08
8390,122.08
8391,119.79
8392,122.08
8393,140.57
8394,142.34
8395,151.74
8396,154.22
8397,155.01
8398,150
8399,137
8400,134.82
8401,148.76
8402,151.84
8403,148.76
8404,142
8405,139.81
8406,140.76
8407,138.53
8408,123
8409,125.01
8410,134.8
8411,125
8412,125.01
8413,122.29
8414,120
8415,111
8416,109.99
8417,122.29
8418,135
8419,151.84
8420,153.05
8421,152.9
8422,144.8
8423,131.3
8424,114
8425,140
8426,104.83
8427,107.13
8428,104.83
8429,99.86
8430,93.8
8431,97
8432,94.5
8433,97
8434,89.4
8435,87.9
8436,86.6
8437,85
8438,86
8439,84.9
8440,81.4
8441,87
8442,107.58
8443,112
8444,107.13
8445,109.98
8446,102.78
8447,90
8448,89
8449,70.9
8450,52
8451,43
8452,41
8453,41.6
8454,44.4
8455,61.6
8456,77.98
8457,100.78
8458,98
8459,77
8460,76
8461,74.95
8462,74.95
8463,75.35
8464,76.4
8465,95
8466,114.54
8467,121.08
8468,126.44
8469,130
8470,119.66
8471,88
8472,65.01
8473,44.08
8474,8
8475,4.11
8476,4.11
8477,4.11
8478,5.04
8479,10
8480,52.58
8481,92
8482,94.93
8483,91.78
8484,89.21
8485,89.21
8486,81.14
8487,75
8488,89.21
8489,92.16
8490,100.9
8491,101.97
8492,107
8493,101.97
8494,95
8495,75
8496,49.83
8497,58.78
8498,50.27
8499,40
8500,36.83
8501,36.68
8502,50
8503,58.17
8504,64.17
8505,77.79
8506,79
8507,68
8508,55
8509,54
8510,53
8511,51
8512,55
8513,70
8514,83.96
8515,90
8516,93.64
8517,95.76
8518,90
8519,68.9
8520,58.17
8521,32.53
8522,32.53
8523,30
8524,32.53
8525,33.49
8526,40.01
8527,43
8528,52
8529,69
8530,72.03
8531,60
8532,52
8533,45
8534,44.4
8535,43.7
8536,45
8537,60
8538,60
8539,72.9
8540,75.5
8541,75.74
8542,74.37
8543,60
8544,43
8545,8.65
8546,4.14
8547,4.12
8548,4.12
8549,4.12
8550,4.12
8551,4.14
8552,16
8553,26.15
8554,25
8555,16
8556,15
8557,10.85
8558,11.5
8559,10.85
8560,15
8561,10.7
8562,30
8563,60
8564,65.01
8565,67.9
8566,60
8567,42.81
8568,20
8569,48.5
8570,22.6
8571,20.5
8572,20.3
8573,20.4
8574,20.4
8575,22.4
8576,22.99
8577,48.5
8578,50.22
8579,45.91
8580,25.99
8581,22.6
8582,21.78
8583,20.9
8584,21
8585,40
8586,14.38
8587,45.91
8588,71.1
8589,58.69
8590,45
8591,12.18
8592,12.18
8593,4.13
8594,4.11
8595,4.11
8596,4.11
8597,2
8598,1.45
8599,1.45
8600,4.11
8601,4.11
8602,4.03
8603,2
8604,4.03
8605,4.11
8606,4.11
8607,4.11
8608,4.11
8609,4.12
8610,22.7
8611,40
8612,46.24
8613,50.14
8614,50.26
8615,50.17
8616,46.12
8617,50.3
8618,36.98
8619,30.2
8620,24.1
8621,24.12
8622,29.98
8623,32.6
8624,40.21
8625,46.16
8626,53.57
8627,59.3
8628,59
8629,54.9
8630,55.19
8631,58.6
8632,60.78
8633,80
8634,126
8635,167.11
8636,189.26
8637,150
8638,139.98
8639,154.86
8640,132.56
8641,84.2
8642,91
8643,80.02
8644,62.09
8645,63.2
8646,85
8647,98.71
8648,122.04
8649,152.26
8650,156.32
8651,129.55
8652,91
8653,90
8654,84
8655,76.72
8656,90
8657,105.76
8658,158.69
8659,164.69
8660,159.66
8661,147.56
8662,128.8
8663,107.84
8664,98.71
8665,40.28
8666,33.13
8667,22.9
8668,20
8669,14.15
8670,14.15
8671,21.78
8672,45.8
8673,65.55
8674,62.35
8675,49.9
8676,40.21
8677,32.4
8678,30.2
8679,26
8680,30
8681,45
8682,61.73
8683,77.12
8684,79.74
8685,66.23
8686,52.85
8687,40.07
8688,22.32
8689,2.97
8690,1.44
8691,0.1
8692,0.1
8693,0.03
8694,0.1
8695,1.45
8696,4.88
8697,21.97
8698,27.99
8699,22
8700,21.9
8701,21.79
8702,20.33
8703,19.11
8704,20.01
8705,21.84
8706,24.9
8707,31.57
8708,32.5
8709,31.57
8710,27.99
8711,21.96
8712,10
8713,4.11
8714,4.11
8715,1.44
8716,0.65
8717,0.57
8718,1
8719,4.11
8720,4.14
8721,6.04
8722,8
8723,4.2
8724,4.12
8725,4.11
8726,4.11
8727,4.11
8728,4.11
8729,4.16
8730,10.69
8731,21.64
8732,21.78
8733,15
8734,4.12
8735,4.11
8736,4.11
8737,1.06
8738,0.13
8739,0.06
8740,0
8741,0
8742,0
8743,0.01
8744,0.11
8745,1
8746,1
8747,0.4
8748,0.57
8749,0.2
8750,0.16
8751,0.2
8752,0.2
8753,0.02
8754,0.02
8755,8.23
8756,11.01
8757,7.6
8758,3.69
8759,1.88
8760,0.1
